0.000000
1.000000
1.000000
0.447223
0.096852
1.000000
0.746454
0.294563
1.000000
0.671797
0.163801
1.000000
0.104254
1.000000
0.250731
1.000000
0.677856
0.396854
0.044062
0.933741
0.734430
0.000000
0.000000
1.000000
0.569258
1.000000
1.000000
0.000000
0.000000
0.259010
0.115082
0.906105
0.263778
0.077040
0.005668
0.041388
0.008066
1.000000
0.201195
1.000000
1.000000
0.000000
0.000000
0.000000
0.000000
0.000000
0.000000
0.000000
0.608021
1.000000
0.000000
0.000000
0.000000
0.361497
0.424705
0.000000
0.915378
0.026032
0.257311
1.000000
0.000000
0.257171
0.813370
0.176487
1.000000
0.000000
0.112597
0.265730
0.190234
0.731043
0.777625
1.000000
0.000000
0.337301
1.000000
1.000000
1.000000
0.000000
0.557791
0.375504
0.055309
0.453899
0.795551
1.000000
0.422446
0.040452
0.290202
0.160454
0.168897
0.183767
0.742226
0.431515
0.825479
1.000000
0.000000
1.000000
0.102406
0.321453
0.000000
0.240378
0.209589
1.000000
0.089184
0.289546
1.000000
0.000000
0.136115
0.000000
0.000000
0.010122
0.315649
0.504826
1.000000
1.000000
0.375089
0.276875
0.146407
0.164490
0.108372
0.073597
1.000000
0.203866
0.183623
1.000000
1.000000
1.000000
0.180109
1.000000
0.000000
0.000000
0.000000
0.000000
0.001476
0.000000
0.000000
0.000000
0.000000
0.000000
0.000000
0.135035
1.000000
0.413107
0.436012
0.000000
0.027277
0.163258
1.000000
0.171031
0.000000
0.052040
0.000000
0.274444
1.000000
0.093323
0.037045
0.341218
0.000000
0.145684
0.749548
0.357631
0.333310
0.280065
0.793554
1.000000
1.000000
0.082480
0.552790
0.071040
0.411275
0.371823
0.088901
1.000000
0.000000
0.457082
0.213167
0.000000
0.678284
0.901078
1.000000
0.176114
0.000000
0.112403
0.190102
0.670496
0.411643
1.000000
1.000000
0.245925
1.000000
1.000000
0.399773
0.996116
1.000000
0.193904
1.000000
0.000000
0.388414
0.000000
0.730265
0.072988
0.708457
0.000000
0.053297
0.056659
0.559915
0.395797
1.000000
0.111710
0.848110
0.600337
1.000000
0.459317
0.428445
0.599470
1.000000
0.397472
0.643367
0.414962
1.000000
0.130964
1.000000
0.000000
0.000000
0.000000
0.000000
0.139943
0.322459
0.456734
0.031022
0.840501
0.164797
1.000000
0.938524
0.427511
0.318778
0.214226
0.360795
0.085584
0.202821
0.445439
0.671389
0.171133
1.000000
0.000000
0.000000
0.266572
1.000000
1.000000
1.000000
1.000000
0.741986
1.000000
0.461460
0.086784
1.000000
1.000000
0.303481
0.065091
1.000000
1.000000
0.206841
0.000000
1.000000
0.672555
1.000000
0.507782
0.923059
1.000000
0.702864
1.000000
0.806101
0.076308
0.000000
0.000000
0.000000
0.000000
0.633824
1.000000
0.365053
0.192376
0.505458
1.000000
0.483322
0.210715
0.153830
0.183768
0.201400
0.247804
0.685001
1.000000
1.000000
1.000000
0.237853
1.000000
1.000000
0.000000
1.000000
0.000000
1.000000
0.155113
1.000000
0.241179
0.042993
0.000000
0.754196
1.000000
1.000000
1.000000
0.928112
0.470167
0.024287
0.107717
1.000000
0.000000
0.061986
0.497411
0.000000
1.000000
0.856897
1.000000
1.000000
0.138742
0.000000
0.003521
0.188148
0.118539
0.000000
0.515786
0.000000
0.071961
0.140801
1.000000
1.000000
0.000000
0.000000
0.228542
0.128424
1.000000
0.513990
1.000000
1.000000
0.071154
0.096559
1.000000
0.696992
1.000000
0.799999
1.000000
1.000000
0.000000
1.000000
0.728312
0.795921
0.577568
0.310221
0.887571
0.775563
0.255123
0.054420
1.000000
0.174068
0.130049
0.000000
0.000000
0.092708
0.658850
1.000000
0.000000
0.000000
0.000000
0.828474
0.168803
0.177583
0.000000
0.000000
0.085304
1.000000
0.374754
0.000000
0.175708
0.338825
1.000000
0.553207
1.000000
0.000000
0.112632
0.687153
0.248134
0.118652
0.030908
0.000000
0.000000
0.000000
0.034130
0.000000
0.605828
1.000000
0.866550
0.204969
0.097164
0.932617
0.000000
0.223600
0.041114
0.243685
0.126844
0.089638
1.000000
1.000000
1.000000
1.000000
0.148894
0.128806
0.283365
1.000000
0.000000
0.301083
0.000000
0.458115
0.054517
0.000000
0.000000
0.352699
0.039649
0.271588
0.000000
0.115427
0.108852
1.000000
0.000000
0.000000
0.103271
0.685215
0.759896
0.735634
0.191297
1.000000
0.725432
1.000000
0.963677
1.000000
0.530200
