,fb_vad_comp,fb_vader_pos,fb_vad_comp75,fb_vader_neg75,PANAS_Pos,PANAS_Neg,tot_affect
6,0.23636114285714288,0.19432,0.6482,0.1255,28.0,22.0,6.0
19,0.09244274193548385,0.12006989247311825,0.36635,0.0,36.0,19.0,17.0
28,,,,,42.0,22.0,20.0
48,,,,,35.0,25.0,10.0
56,0.2853591397849462,0.15565591397849463,0.6407,0.0,34.0,18.0,16.0
68,0.2302030837004406,0.1700734214390603,0.6361,0.109,31.0,31.0,0.0
73,,,,,33.0,20.0,13.0
75,0.2116823308270674,0.2422443609022555,0.609175,0.144,31.0,44.0,-13.0
83,0.16633578595317727,0.15439464882943135,0.5625,0.118,36.0,28.0,8.0
86,0.218321282798834,0.14099271137026226,0.6808,0.116,34.0,31.0,3.0
92,0.08672051282051282,0.1015897435897436,0.248925,0.0,33.0,37.0,-4.0
107,0.255689703989704,0.22642599742599742,0.6957,0.136,33.0,26.0,7.0
111,0.2662412132582875,0.25217886178861826,0.6597,0.145,18.0,39.0,-21.0
140,0.2126430366492148,0.17986282722513067,0.61345,0.0785,28.0,27.0,1.0
149,0.06531548599670507,0.11872652388797361,0.5842499999999999,0.161,32.0,35.0,-3.0
159,0.11568022598870059,0.190994350282486,0.4824,0.242,39.0,23.0,16.0
166,0.15872943143812698,0.1505808249721293,0.5574,0.119,38.0,21.0,17.0
172,,,,,29.0,38.0,-9.0
191,,,,,46.0,19.0,27.0
192,0.09762004008016013,0.16308416833667339,0.4633,0.1755,34.0,24.0,10.0
202,0.2095747967479676,0.19063414634146345,0.7003,0.15,36.0,32.0,4.0
214,,,,,28.0,16.0,12.0
219,0.25735308219178066,0.18630993150684932,0.62415,0.0,40.0,22.0,18.0
220,0.2299403651115615,0.21438336713995923,0.5893,0.141,22.0,34.0,-12.0
251,0.04490348837209302,0.1258604651162791,0.22030000000000002,0.09525,36.0,29.0,7.0
254,0.3365452054794517,0.2385273972602739,0.7375499999999999,0.095,31.0,38.0,-7.0
303,0.2887178240740742,0.2157152777777778,0.732375,0.11625,21.0,24.0,-3.0
309,,,,,22.0,43.0,-21.0
319,0.2999413265306121,0.22790816326530614,0.623775,0.0645,41.0,20.0,21.0
331,0.1950153460381146,0.15478034102306942,0.6124,0.102,25.0,26.0,-1.0
332,,,,,39.0,16.0,23.0
333,,,,,38.0,39.0,-1.0
343,,,,,28.0,31.0,-3.0
346,0.4131797468354428,0.24027848101265822,0.8074,0.052000000000000005,28.0,15.0,13.0
352,0.0,0.0,0.0,0.0,32.0,24.0,8.0
354,,,,,37.0,31.0,6.0
372,0.2457243303571429,0.24367410714285684,0.6369,0.16025,32.0,24.0,8.0
376,0.25828376753507,0.2531272545090179,0.6348750000000001,0.1365,31.0,21.0,10.0
395,,,,,26.0,26.0,0.0
396,,,,,35.0,18.0,17.0
404,0.12558253968253968,0.16803174603174606,0.58805,0.159,31.0,35.0,-4.0
405,0.4110714559386969,0.306463601532567,0.7345,0.0,41.0,22.0,19.0
426,0.11693793103448273,0.12027586206896551,0.4588,0.117,33.0,38.0,-5.0
430,0.11360068181818175,0.16794318181818174,0.4824,0.1915,35.0,24.0,11.0
432,0.20458411633109616,0.1757651006711408,0.5423,0.0895,29.0,36.0,-7.0
433,0.013215625,0.029031249999999998,0.0,0.0,33.0,36.0,-3.0
453,0.1411630952380952,0.15939285714285714,0.5538,0.14075000000000001,39.0,26.0,13.0
465,,,,,37.0,30.0,7.0
467,0.05067268041237115,0.13117010309278357,0.4211,0.14625,40.0,32.0,8.0
471,0.1087581907090464,0.15003667481662583,0.5574,0.149,46.0,22.0,24.0
473,0.12639365079365086,0.17262433862433874,0.4588,0.176,34.0,23.0,11.0
474,0.40495785123966926,0.2755537190082646,0.8715,0.13,43.0,20.0,23.0
494,,,,,36.0,42.0,-6.0
508,0.2557421316964287,0.20757645089285723,0.6802,0.123,39.0,30.0,9.0
516,,,,,39.0,23.0,16.0
517,,,,,28.0,32.0,-4.0
519,,,,,40.0,,
527,0.28883617021276625,0.244468085106383,0.77385,0.16525,32.0,30.0,2.0
530,,,,,42.0,16.0,26.0
533,,,,,30.0,40.0,-10.0
550,0.28097791164658664,0.165041499330656,0.6369,0.036000000000000004,37.0,17.0,20.0
551,0.3748204081632653,0.233265306122449,0.8463499999999999,0.09475,32.0,17.0,15.0
553,0.3862448780487806,0.2976829268292683,0.8201,0.117,31.0,25.0,6.0
568,0.15950000000000003,0.15816129032258067,0.4109,0.0,41.0,28.0,13.0
571,0.3502498007968127,0.23129482071713148,0.7894,0.0895,34.0,25.0,9.0
595,,,,,20.0,31.0,-11.0
596,0.1642013871374526,0.1289407313997479,0.5245,0.072,36.0,17.0,19.0
603,,,,,38.0,39.0,-1.0
619,0.3205999999999999,0.2683949367088608,0.71555,0.0,34.0,24.0,10.0
625,0.04548350515463918,0.13516494845360824,0.2235,0.0,21.0,25.0,-4.0
627,0.06239002849002848,0.09001709401709401,0.0,0.0,39.0,27.0,12.0
632,0.39211453634085214,0.299137844611529,0.84325,0.152,36.0,27.0,9.0
644,0.15445919732441465,0.17381939799331103,0.4926,0.0185,40.0,23.0,17.0
646,0.17686404109589018,0.20479794520547945,0.508325,0.0,35.0,16.0,19.0
650,0.19385686274509806,0.12894117647058823,0.5789,0.0,40.0,27.0,13.0
651,0.0376,0.12833333333333333,0.1806,0.0995,29.0,22.0,7.0
657,0.05719859719438869,0.1295390781563126,0.41305000000000003,0.1625,39.0,28.0,11.0
664,0.08113142857142858,0.11768571428571425,0.2121,0.0,39.0,21.0,18.0
671,0.13196315789473684,0.16244736842105265,0.480525,0.0975,42.0,30.0,12.0
678,0.031033613445378166,0.05796638655462184,0.0,0.0,37.0,30.0,7.0
684,0.14451497005988023,0.1446347305389222,0.4404,0.0,40.0,12.0,28.0
697,0.1353418181818182,0.15185454545454544,0.63035,0.1825,32.0,37.0,-5.0
698,0.2043743553008594,0.17931088825214905,0.63015,0.135,28.0,18.0,10.0
702,0.3606692567567569,0.19540878378378385,0.852675,0.106,28.0,26.0,2.0
704,0.41628686868686876,0.2604444444444444,0.8264,0.0,34.0,28.0,6.0
708,,,,,47.0,27.0,20.0
727,,,,,33.0,25.0,8.0
750,0.17426262626262606,0.19215488215488213,0.4588,0.0,41.0,25.0,16.0
761,0.08186249999999999,0.13832991803278682,0.3612,0.135,33.0,26.0,7.0
797,,,,,38.0,42.0,-4.0
801,,,,,46.0,31.0,15.0
