,fb_vad_comp,fb_vader_pos,fb_vad_comp75,fb_vader_neg75,tw_vad_comp,tw_vader_neg75,tw_vader_pos,tw_vader_neg,PANAS_Pos,PANAS_Neg,tot_affect
0,0.0,0.0,0.0,0.0,,,,,40.0,27.0,13.0
1,0.11906578947368415,0.13125263157894743,0.5716,0.14825,,,,,25.0,29.0,-4.0
2,0.07266373056994821,0.108559585492228,0.0,0.0,0.09337096636866755,0.0,0.1146875266070668,0.0563465304384845,42.0,15.0,27.0
3,0.33445,0.32910000000000006,0.8272,0.06525,,,,,,,
4,0.15285050505050504,0.17245454545454542,0.49324999999999997,0.1355,0.10729434324065183,0.109,0.1547868328539472,0.07704793863854258,35.0,13.0,22.0
5,,,,,,,,,31.0,34.0,-3.0
6,0.23636114285714288,0.19432,0.6482,0.1255,0.14595078082929452,0.105,0.1494135702746363,0.06464135702746368,28.0,22.0,6.0
7,0.06980135135135138,0.13831756756756758,0.25,0.0,0.08490379834254125,0.123,0.13485151933701656,0.07899861878453038,26.0,28.0,-2.0
8,,,,,0.144731479736098,0.137,0.16387370405278065,0.07978605089538171,36.0,25.0,11.0
9,0.4093202020202022,0.253989898989899,0.79785,0.0,,,,,40.0,16.0,24.0
10,-0.007213953488372091,0.08,0.0,0.1215,0.18244696673189817,0.0,0.196133072407045,0.059686888454011745,35.0,17.0,18.0
11,0.052224598930481286,0.10372192513368984,0.3182,0.108,,,,,29.0,32.0,-3.0
12,,,,,0.07422856253889257,0.14375,0.12716614810205365,0.08524113254511508,24.0,42.0,-18.0
13,,,,,0.06656536568213788,0.098,0.1237225738396625,0.07838572433192689,33.0,16.0,17.0
14,0.10792790697674415,0.14774418604651163,0.3615,0.0,0.2573452583156404,0.0,0.1978849964614294,0.048089171974522206,41.0,22.0,19.0
15,0.0835439716312057,0.1438888888888889,0.47745000000000004,0.17149999999999999,,,,,35.0,17.0,18.0
16,0.3464454545454544,0.29689898989898983,0.62025,0.0,,,,,40.0,22.0,18.0
17,0.33445,0.32910000000000006,0.8272,0.06525,,,,,,,
18,0.17420632911392409,0.22554430379746837,0.54005,0.1365,0.11817395023328138,0.1175,0.13530248833592542,0.07219284603421462,35.0,29.0,6.0
19,0.09244274193548385,0.12006989247311825,0.36635,0.0,,,,,36.0,19.0,17.0
20,0.15313838383838385,0.17611111111111113,0.46704999999999997,0.0,0.11418966712898747,0.0,0.13189112343966697,0.06657142857142863,31.0,32.0,-1.0
21,0.086225,0.12775,0.213875,0.19175,0.04772249999999999,0.0,0.11495,0.058800000000000005,35.0,22.0,13.0
22,,,,,0.13120394871794894,0.08675,0.1727769230769234,0.07796871794871796,41.0,25.0,16.0
23,0.10677993311036789,0.153314381270903,0.4404,0.1455,0.056433198001249275,0.114,0.10414116177389136,0.08024328544659577,35.0,49.0,-14.0
24,0.19509786096256693,0.19664705882352934,0.4588,0.0,0.19757739704495447,0.0,0.18334706067274467,0.06233511474379137,33.0,35.0,-2.0
25,0.48400000000000015,0.2767387755102039,0.8888,0.0945,,,,,,,
26,0.1765167577413477,0.24591074681238614,0.5106,0.173,0.04318324022346373,0.1495,0.12828491620111734,0.0923603351955307,25.0,26.0,-1.0
27,0.20725986394557808,0.15329591836734696,0.5535,0.045750000000000006,,,,,18.0,18.0,0.0
28,,,,,0.05805065693430655,0.162,0.11606715328467147,0.08139124087591246,42.0,22.0,20.0
29,0.1447263819095477,0.15873366834170852,0.567375,0.149,0.043825186104218296,0.124,0.11400744416873457,0.08729342431761787,43.0,22.0,21.0
30,,,,,0.10241042593769875,0.0,0.14170565797838564,0.067708200890019,37.0,23.0,14.0
31,0.11882882352941179,0.16730588235294125,0.4588,0.0,0.07459421248449784,0.0,0.11877842083505562,0.07278296816866478,30.0,33.0,-3.0
32,-0.003935256410256405,0.13616666666666669,0.3462,0.286,0.032285518009654554,0.194,0.12518900854066115,0.10337504641663557,40.0,11.0,29.0
33,0.3166428571428572,0.28826530612244894,0.7482,0.196,,,,,35.0,29.0,6.0
34,0.14266969696969672,0.18388383838383834,0.4588,0.11375,0.17385197994987509,0.06,0.17789674185463672,0.07188220551378442,32.0,13.0,19.0
35,0.3055106382978723,0.1547446808510638,0.8121,0.0755,,,,,30.0,22.0,8.0
36,0.1426047619047619,0.13368253968253965,0.43965000000000004,0.0,0.14687262313860278,0.0,0.153606529209622,0.06022737686139741,37.0,28.0,9.0
37,,,,,,,,,32.0,33.0,-1.0
38,0.2578466819221965,0.18976659038901597,0.6956,0.13,0.09150596171948554,0.159,0.1475861311578291,0.09022278004392846,50.0,15.0,35.0
39,0.16665172413793106,0.16934482758620686,0.5719,0.0,,,,,35.0,30.0,5.0
40,0.4366310621242487,0.270821643286573,0.85345,0.0555,0.36973349999999994,0.0,0.17984999999999998,0.020595,36.0,35.0,1.0
41,0.4105664418212472,0.3544704890387856,0.7184,0.0,0.14191942332065932,0.081,0.14727186311787108,0.06603960709759184,38.0,27.0,11.0
42,0.09755544041450782,0.13769948186528505,0.4019,0.161,0.0513407659048794,0.13375,0.11407195799876473,0.08079246448424952,24.0,31.0,-7.0
43,,,,,0.17700286523929476,0.06725,0.1584530856423176,0.05832021410579343,39.0,27.0,12.0
44,0.18630098684210514,0.17094078947368424,0.560725,0.06175,,,,,30.0,33.0,-3.0
45,0.5589000000000001,0.378,0.7536,0.0,0.1688575141242937,0.055,0.13244293785310737,0.04894689265536723,35.0,34.0,1.0
46,0.12451531531531534,0.1633963963963964,0.5106,0.1385,,,,,42.0,45.0,-3.0
47,0.25865,0.13474999999999998,0.47735,0.0,0.12074726924305311,0.1335,0.14986170552539138,0.08226732673267327,,,
48,,,,,,,,,35.0,25.0,10.0
49,,,,,,,,,42.0,12.0,30.0
50,,,,,0.11954961439588689,0.1,0.12446272493573263,0.06779691516709513,18.0,17.0,1.0
51,0.06876857142857142,0.1438,0.4068,0.17149999999999999,0.12514601626016245,0.099,0.1529073170731708,0.07169105691056911,33.0,41.0,-8.0
52,,,,,0.1355467752442997,0.065,0.1563068403908794,0.0724840390879479,39.0,26.0,13.0
53,0.3925218855218859,0.2379259259259256,0.7906,0.085,,,,,35.0,19.0,16.0
54,,,,,,,,,34.0,24.0,10.0
55,,,,,0.1089854628921194,0.0,0.14001606732976277,0.06736572302983936,40.0,26.0,14.0
56,0.2853591397849462,0.15565591397849463,0.6407,0.0,,,,,34.0,18.0,16.0
57,,,,,0.12097661870503601,0.118,0.1313489208633094,0.07654316546762592,35.0,29.0,6.0
58,0.257070498084291,0.17108045977011488,0.6784,0.101,0.41265789473684206,0.0,0.17573684210526314,0.03452631578947368,24.0,40.0,-16.0
59,,,,,,,,,31.0,34.0,-3.0
60,0.3560439999999997,0.2424600000000001,0.72675,0.0,,,,,46.0,16.0,30.0
61,0.19590702402957474,0.157739371534196,0.5994,0.104,,,,,34.0,44.0,-10.0
62,0.07419039999999998,0.12011999999999999,0.4019,0.12525,0.08200199222546171,0.0885,0.10028620019436335,0.05991350826044696,37.0,20.0,17.0
63,0.20626363636363634,0.29754545454545456,0.4577,0.0,0.23974421221864947,0.066,0.17576527331189717,0.05251768488745979,28.0,19.0,9.0
64,,,,,0.0632672619047617,0.1105,0.11232568027210886,0.07291411564625845,50.0,13.0,37.0
65,0.23432303664921464,0.21110994764397903,0.5859,0.079,0.2610222222222222,0.0,0.20811111111111114,0.04477777777777778,32.0,34.0,-2.0
66,0.031640740740740754,0.11913580246913578,0.296,0.194,0.044560451977401175,0.14375,0.10238418079096043,0.0743333333333333,16.0,18.0,-2.0
67,0.016056250000000005,0.17781249999999998,0.430825,0.191,,,,,38.0,15.0,23.0
68,0.2302030837004406,0.1700734214390603,0.6361,0.109,,,,,31.0,31.0,0.0
69,,,,,0.19363000000000002,0.0,0.11429999999999998,0.00825,43.0,21.0,22.0
70,0.21453243243243278,0.18777777777777788,0.59015,0.0,,,,,43.0,29.0,14.0
71,,,,,,,,,32.0,14.0,18.0
72,,,,,0.10306871794871787,0.15525,0.19279999999999997,0.10659743589743592,33.0,20.0,13.0
73,,,,,0.10843333333333334,0.0,0.04791666666666666,0.0,33.0,20.0,13.0
74,0.21740614035087727,0.1922481203007519,0.6369,0.14475,0.06793179155103307,0.162,0.12787234042553214,0.0934363243909959,33.0,20.0,13.0
75,0.2116823308270674,0.2422443609022555,0.609175,0.144,0.09469463824289433,0.10125,0.1300071059431526,0.0752638888888889,31.0,44.0,-13.0
76,,,,,-0.1431,0.186,0.029466666666666665,0.11686666666666669,30.0,27.0,3.0
77,0.29751165413533814,0.24207518796992486,0.7345,0.13925,0.06607808901338323,0.138,0.11032244008714602,0.08184407096171811,39.0,35.0,4.0
78,,,,,0.09145498071979445,0.09525,0.12311793059125968,0.06974485861182514,37.0,14.0,23.0
79,,,,,,,,,38.0,13.0,25.0
80,0.12520769230769216,0.17639271255060715,0.4588,0.155,0.1119372253609545,0.133,0.14284996861268043,0.08236754551161328,33.0,24.0,9.0
81,,,,,0.11664986899563314,0.0,0.12346724890829684,0.05397379912663759,43.0,20.0,23.0
82,0.2872659793814433,0.27609278350515465,0.636675,0.0,,,,,39.0,28.0,11.0
83,0.16633578595317727,0.15439464882943135,0.5625,0.118,0.056880952380952386,0.0635,0.11074829931972792,0.06766666666666667,36.0,28.0,8.0
84,0.053051515151515155,0.16539393939393943,0.411,0.1785,,,,,34.0,18.0,16.0
85,0.16333552631578951,0.15113157894736842,0.51755,0.076,,,,,48.0,24.0,24.0
86,0.218321282798834,0.14099271137026226,0.6808,0.116,,,,,34.0,31.0,3.0
87,0.22236509433962245,0.1590566037735849,0.624925,0.0,,,,,29.0,31.0,-2.0
88,,,,,,,,,34.0,20.0,14.0
89,0.4714189098998885,0.32982202447163533,0.78325,0.032,0.1395545883092399,0.096,0.1422212445003142,0.0643243243243244,36.0,14.0,22.0
90,0.09202727272727272,0.15556565656565663,0.4588,0.11699999999999999,,,,,37.0,28.0,9.0
91,,,,,,,,,32.0,24.0,8.0
92,0.08672051282051282,0.1015897435897436,0.248925,0.0,,,,,33.0,37.0,-4.0
93,,,,,0.13307148747224892,0.093,0.13423596574690777,0.06501712654614651,30.0,21.0,9.0
94,,,,,0.01285500473634345,0.1775,0.10869876855067882,0.09858793811177773,25.0,29.0,-4.0
95,,,,,0.16509200991018896,0.161,0.21857014555589904,0.0954344998451534,41.0,25.0,16.0
96,0.4217095238095238,0.2272539682539683,0.7572,0.0,,,,,41.0,21.0,20.0
97,0.3276910052910051,0.254883597883598,0.697925,0.0,0.17922003561887823,0.0,0.15494568121104185,0.053644701691896717,33.0,22.0,11.0
98,0.2851707070707071,0.24125252525252522,0.61215,0.0,0.07932136752136754,0.133,0.128748021525799,0.08136308958531194,42.0,25.0,17.0
99,0.04821818181818182,0.08063636363636363,0.0,0.0,,,,,35.0,20.0,15.0
100,0.06640416666666667,0.12408333333333334,0.13190000000000002,0.0,0.173457283950617,0.0,0.1570234567901235,0.05432098765432099,29.0,42.0,-13.0
101,,,,,0.09817932467532473,0.0,0.1165449350649349,0.06037298701298702,29.0,28.0,1.0
102,0.1245030674846626,0.1524233128834356,0.37555000000000005,0.0,0.0743056739811911,0.09675,0.12443793103448281,0.08116269592476488,,,
103,0.15350106382978715,0.16477127659574467,0.514625,0.082,0.08556949828962358,0.104,0.11865678449258844,0.0712759407069555,35.0,37.0,-2.0
104,0.2202,0.0605,0.33030000000000004,0.0,0.22379999999999997,0.0,0.16944444444444443,0.0,25.0,37.0,-12.0
105,,,,,0.08870026281208934,0.134,0.12210205869469994,0.07943188786684183,48.0,19.0,29.0
106,,,,,0.11980922989807495,0.06375,0.1469518686296716,0.06969422423556064,39.0,24.0,15.0
107,0.255689703989704,0.22642599742599742,0.6957,0.136,0.07669862002567404,0.136,0.12664152759948646,0.0877121309370988,33.0,26.0,7.0
108,0.0,0.0,0.0,0.0,,,,,33.0,27.0,6.0
109,0.22428571428571434,0.12973469387755102,0.5983,0.0,0.10818144654088052,0.06875,0.10955345911949686,0.05904716981132077,41.0,19.0,22.0
110,0.1350112676056339,0.14083098591549292,0.4404,0.0,,,,,35.0,31.0,4.0
111,0.2662412132582875,0.25217886178861826,0.6597,0.145,0.11816926032660927,0.0,0.12435414665385873,0.05419244316362475,18.0,39.0,-21.0
112,,,,,0.15683954166666664,0.122,0.1578445833333332,0.07410541666666662,35.0,30.0,5.0
113,0.6017666666666666,0.4281666666666667,0.9245,0.01,,,,,33.0,18.0,15.0
114,,,,,0.15213010954616607,0.1005,0.14396525821596262,0.06417652582159629,31.0,44.0,-13.0
115,0.24200232067510566,0.2481160337552742,0.7351,0.187,0.24611307847082498,0.13075,0.22855331991951683,0.07961871227364188,16.0,20.0,-4.0
116,0.029672125435540084,0.10314982578397208,0.0,0.0,0.08823922495274113,0.137,0.13447258979206042,0.08504536862003784,45.0,25.0,20.0
117,,,,,0.05173178294573635,0.106,0.10998320413436695,0.0778016795865633,33.0,24.0,9.0
118,0.15285352112676046,0.15183568075117362,0.4767,0.044,0.088526075358453,0.123,0.13721573857952674,0.08307735911970655,32.0,32.0,0.0
119,0.12713478787878768,0.17457696969696965,0.4588,0.151,0.03802897403419886,0.151,0.12089898670044338,0.1033138062064598,32.0,19.0,13.0
120,0.2551676954732508,0.22402263374485595,0.6369,0.04175,0.194675754716981,0.071,0.17089402515723312,0.0604867924528302,37.0,20.0,17.0
121,,,,,,,,,32.0,30.0,2.0
122,,,,,0.0630832,0.14049999999999999,0.13281600000000007,0.08691999999999996,16.0,15.0,1.0
123,0.16313937823834196,0.1575284974093264,0.6222,0.138,,,,,17.0,20.0,-3.0
124,0.25671764705882344,0.19864705882352945,0.6808,0.11,0.14259171616130054,0.091,0.14238480775242268,0.06538355736167559,38.0,22.0,16.0
125,0.4593999999999999,0.28496774193548385,0.84465,0.045,,,,,28.0,24.0,4.0
126,0.2943885416666668,0.22384375000000004,0.74355,0.129,,,,,37.0,37.0,0.0
127,,,,,0.19590776255707784,0.0,0.16284018264840172,0.04348706240487063,41.0,16.0,25.0
128,0.26514337748344374,0.24684105960264904,0.6369,0.144,0.06095275590551183,0.1455,0.11541338582677167,0.08272834645669293,38.0,23.0,15.0
129,,,,,0.003518746041798615,0.20274999999999999,0.11251361621279302,0.11286162127929049,34.0,28.0,6.0
130,0.23790000000000003,0.17105555555555554,0.528975,0.0,,,,,40.0,29.0,11.0
131,,,,,,,,,39.0,31.0,8.0
132,0.21740614035087727,0.1922481203007519,0.6369,0.14475,0.06793179155103307,0.162,0.12787234042553214,0.0934363243909959,36.0,19.0,17.0
133,0.2868987437185928,0.21349999999999994,0.6369,0.04175,0.01688409163219851,0.1795,0.1137139675469297,0.10711040407254209,33.0,35.0,-2.0
134,0.44001083916083866,0.2767972027972028,0.77485,0.0,0.1640911139320854,0.081,0.16305046017137423,0.0649231989844494,35.0,16.0,19.0
135,0.1464860824742268,0.15481958762886597,0.472225,0.15825,0.08870837988826813,0.14200000000000002,0.13111173184357536,0.07760558659217882,40.0,19.0,21.0
136,0.29008580968280495,0.2550016694490819,0.7003,0.139,0.1658793114647613,0.0655,0.16422507307567397,0.06248522247482943,46.0,17.0,29.0
137,0.4596675862068963,0.2934689655172415,0.8331,0.0,,,,,42.0,37.0,5.0
138,0.11724122137404584,0.14565648854961832,0.43095,0.0,,,,,39.0,24.0,15.0
139,0.1978598662207357,0.19607023411371235,0.5789,0.127,0.10834238305941854,0.124,0.14071017699115063,0.08094279393173197,35.0,23.0,12.0
140,0.2126430366492148,0.17986282722513067,0.61345,0.0785,0.09931712538226294,0.145,0.14082568807339446,0.08644801223241594,28.0,27.0,1.0
141,,,,,0.3251751677852348,0.0,0.16312751677852344,0.02653020134228188,41.0,15.0,26.0
142,0.37097902542372907,0.22866737288135608,0.8218000000000001,0.099,,,,,47.0,26.0,21.0
143,0.139385401459854,0.12913138686131392,0.4767,0.113,-0.2323666666666667,0.09225,0.0,0.08433333333333333,49.0,30.0,19.0
144,0.1384476394849782,0.1784577968526467,0.4588,0.125,,,,,24.0,31.0,-7.0
145,0.08958287153652396,0.13108060453400494,0.3612,0.0,0.1375494163424124,0.0,0.13429571984435792,0.05170038910505837,44.0,35.0,9.0
146,0.0005095959595959503,0.09416161616161618,0.0,0.07575,0.06857949640287771,0.0745,0.09595323741007197,0.06523021582733814,38.0,26.0,12.0
147,0.06532842809364553,0.08287959866220734,0.0,0.0,,,,,,,
148,,,,,0.17406338028169063,0.06825,0.15204527162977857,0.058889839034205256,27.0,38.0,-11.0
149,0.06531548599670507,0.11872652388797361,0.5842499999999999,0.161,,,,,32.0,35.0,-3.0
150,,,,,,,,,35.0,33.0,2.0
151,,,,,,,,,38.0,25.0,13.0
152,0.1806191489361703,0.20439007092198577,0.5719,0.118,0.08619333333333318,0.132,0.12537569444444446,0.07798402777777771,34.0,22.0,12.0
153,0.3589462499999999,0.2891000000000001,0.667575,0.0,0.1753537037037038,0.0,0.12635185185185188,0.037861111111111116,47.0,33.0,14.0
154,0.30639101924447626,0.24007341411261537,0.70495,0.0985,0.19591026771653514,0.115,0.16695622047244116,0.07192031496062994,32.0,33.0,-1.0
155,0.18849756097560974,0.18830487804878046,0.548625,0.075,,,,,30.0,33.0,-3.0
156,0.37471642857142845,0.3025500000000001,0.7067,0.0,0.11430441409971473,0.0,0.1421949825341378,0.06992664337885045,47.0,20.0,27.0
157,0.09236375000000001,0.11653333333333336,0.50935,0.154,,,,,43.0,24.0,19.0
158,-0.02150519480519481,0.1257792207792208,0.2263,0.297,0.029669802445907688,0.197,0.13234556287237403,0.10790780809031035,42.0,21.0,21.0
159,0.11568022598870059,0.190994350282486,0.4824,0.242,,,,,39.0,23.0,16.0
160,,,,,0.06798861892583116,0.099,0.10136189258312017,0.06562404092071611,35.0,22.0,13.0
161,,,,,0.22603417266187087,0.0,0.19655003270111215,0.057182799215173316,35.0,18.0,17.0
162,0.4464333333333333,0.40103225806451603,0.7835,0.0,,,,,39.0,26.0,13.0
163,-0.01688000000000001,0.12229999999999999,0.0,0.0785,,,,,31.0,21.0,10.0
164,0.09721428571428573,0.18335714285714286,0.5166,0.1285,0.046376315789473696,0.0895,0.10036184210526315,0.06305921052631576,,,
165,0.043945454545454544,0.13595454545454547,0.171025,0.17025,,,,,30.0,44.0,-14.0
166,0.15872943143812698,0.1505808249721293,0.5574,0.119,,,,,38.0,21.0,17.0
167,,,,,,,,,29.0,33.0,-4.0
168,0.3360257525083609,0.27692642140468215,0.7269,0.1055,0.16258916586768865,0.117,0.18394183445190176,0.0774058804729945,43.0,19.0,24.0
169,,,,,0.14514045801526704,0.119,0.17137054707379132,0.07747073791348605,,,
170,,,,,0.1677616298811544,0.1,0.12976740237691006,0.05424108658743634,43.0,22.0,21.0
171,0.297342,0.29979999999999996,0.50545,0.0,,,,,29.0,31.0,-2.0
172,,,,,,,,,29.0,38.0,-9.0
173,,,,,0.18045403530895346,0.10925,0.15318883984867632,0.06588461538461536,31.0,29.0,2.0
174,,,,,0.060607711837511784,0.13,0.11399904792129474,0.07918533798794027,44.0,25.0,19.0
175,0.1613721712538226,0.19270030581039765,0.60545,0.19,0.12784782608695633,0.1375,0.16422311212814647,0.0832219679633867,41.0,28.0,13.0
176,0.23913879056047205,0.2103230088495575,0.6694,0.13675,0.16344929837518446,0.134,0.18435265878877402,0.0870221565731167,48.0,18.0,30.0
177,0.1693869090909089,0.19216000000000014,0.4588,0.0,0.12943903143040422,0.0,0.13077934573444533,0.057179602309172566,41.0,25.0,16.0
178,,,,,,,,,27.0,19.0,8.0
179,0.26703023023023004,0.23262662662662686,0.6718,0.13,0.10403065073876175,0.129,0.1301609556743164,0.0740270355234203,38.0,33.0,5.0
180,0.1360002008032128,0.19350602409638568,0.50545,0.16075,0.14202514728682197,0.123,0.15822015503876002,0.0776976744186046,35.0,21.0,14.0
181,0.40645000000000003,0.22166666666666668,0.6169,0.0,,,,,38.0,25.0,13.0
182,,,,,0.1660275449101796,0.12125,0.1812055888223552,0.0801447105788423,38.0,23.0,15.0
183,0.33445,0.32910000000000006,0.8272,0.06525,,,,,38.0,23.0,15.0
184,0.031022222222222215,0.10266666666666667,0.0,0.0,,,,,31.0,27.0,4.0
185,0.09710342205323201,0.12908365019011403,0.4404,0.0975,0.051636366518706414,0.11675,0.10890361445783134,0.08266106531388716,33.0,23.0,10.0
186,0.11271095238095258,0.15017047619047622,0.4588,0.149,0.06256902173913033,0.14725,0.1181021739130434,0.08394130434782612,29.0,31.0,-2.0
187,,,,,0.20003809523809515,0.0,0.14224542124542128,0.0557106227106227,31.0,19.0,12.0
188,0.10984352941176476,0.1551411764705882,0.3612,0.069,,,,,40.0,22.0,18.0
189,,,,,0.09248858695652173,0.1075,0.12350905797101451,0.0721340579710145,32.0,26.0,6.0
190,0.285605,0.18985,0.6966249999999999,0.14525000000000002,,,,,42.0,22.0,20.0
191,,,,,,,,,46.0,19.0,27.0
192,0.09762004008016013,0.16308416833667339,0.4633,0.1755,0.04642662234884445,0.167,0.12429313073757539,0.0975558721114276,34.0,24.0,10.0
193,,,,,0.19116800618238003,0.0,0.17798299845440496,0.05394435857805253,41.0,33.0,8.0
194,0.731,0.3495,0.7788999999999999,0.0,,,,,14.0,28.0,-14.0
195,0.18534180064308656,0.2512315112540194,0.4939,0.156,,,,,27.0,23.0,4.0
196,,,,,,,,,34.0,27.0,7.0
197,,,,,0.053496246898263065,0.10525,0.10301426799007445,0.07831947890818866,27.0,42.0,-15.0
198,,,,,,,,,35.0,43.0,-8.0
199,0.44562352941176464,0.2839411764705882,0.7576499999999999,0.0,0.18449251184834126,0.126,0.18295355450236953,0.0781674565560821,37.0,24.0,13.0
200,,,,,-0.12765,0.19175,0.0,0.19175,13.0,21.0,-8.0
201,,,,,,,,,30.0,27.0,3.0
202,0.2095747967479676,0.19063414634146345,0.7003,0.15,,,,,36.0,32.0,4.0
203,0.31415,0.16449999999999998,0.6426000000000001,0.08124999999999999,,,,,48.0,43.0,5.0
204,0.03376987447698747,0.13790794979079501,0.356275,0.1825,,,,,30.0,23.0,7.0
205,0.1374182795698925,0.17405376344086024,0.4019,0.0,,,,,36.0,25.0,11.0
206,0.04259473684210527,0.07182456140350878,0.0,0.0,,,,,33.0,33.0,0.0
207,0.09049696969696971,0.08860606060606059,0.1333,0.0,0.09341861313868605,0.0,0.11540875912408756,0.06056204379562044,36.0,36.0,0.0
208,,,,,0.05755705794947989,0.13,0.10130534918276365,0.07700222882615158,24.0,29.0,-5.0
209,,,,,0.16721788537549453,0.0,0.16816946640316185,0.06112549407114622,34.0,28.0,6.0
210,0.379104347826087,0.2882608695652174,0.8073,0.0,0.15453017154389512,0.0,0.13230171543895036,0.050380423814328994,41.0,36.0,5.0
211,0.1730962962962963,0.1691111111111111,0.40080000000000005,0.0,0.10511282420749266,0.0,0.10328962536023052,0.04876080691642653,39.0,18.0,21.0
212,0.13032888349514568,0.13987378640776696,0.509775,0.1445,0.04670208333333332,0.154,0.1159625,0.09449907407407417,,,
213,0.5715285714285715,0.23500000000000001,0.8966000000000001,0.0165,,,,,27.0,19.0,8.0
214,,,,,0.17397193991690596,0.095,0.15962096516458954,0.06640524129114733,28.0,16.0,12.0
215,0.30928999999999995,0.20450000000000002,0.770025,0.13325,0.11749075471698107,0.13275,0.1481603773584906,0.08429245283018869,49.0,27.0,22.0
216,-0.07783999999999999,0.038400000000000004,0.0,0.142,,,,,,,
217,,,,,0.08057462526766597,0.1425,0.13660920770877938,0.08642398286937902,32.0,18.0,14.0
218,0.22895408163265282,0.2427925170068027,0.60225,0.0,0.11180477632021521,0.0,0.13956474941136932,0.06915203498150013,37.0,21.0,16.0
219,0.25735308219178066,0.18630993150684932,0.62415,0.0,,,,,40.0,22.0,18.0
220,0.2299403651115615,0.21438336713995923,0.5893,0.141,0.15808168394596264,0.1535,0.18797141061891298,0.08969745523091427,22.0,34.0,-12.0
221,,,,,,,,,30.0,23.0,7.0
222,0.00879135802469135,0.08906172839506174,0.0516,0.199,,,,,31.0,20.0,11.0
223,,,,,0.10611,0.17375,0.16920000000000002,0.1416,34.0,24.0,10.0
224,0.031022222222222215,0.10266666666666667,0.0,0.0,,,,,36.0,30.0,6.0
225,,,,,0.07718987179487183,0.11825,0.12105480769230792,0.07792564102564095,31.0,15.0,16.0
226,0.19571314814814783,0.17660740740740744,0.5719,0.1055,0.12052591906085891,0.096,0.1253602100710536,0.06585047883843057,44.0,23.0,21.0
227,0.10179572763684896,0.16761214953271017,0.4753,0.179,0.09530914500469795,0.099,0.1339464453492016,0.07172471030378959,41.0,19.0,22.0
228,0.20523884297520653,0.17297107438016526,0.5574,0.058499999999999996,,,,,40.0,17.0,23.0
229,0.4095,0.162,0.6892,0.0,,,,,36.0,33.0,3.0
230,,,,,0.05805065693430655,0.162,0.11606715328467147,0.08139124087591246,38.0,32.0,6.0
231,0.043411784511784526,0.11222222222222222,0.3612,0.126,0.04472962633451944,0.12825,0.10731450177935935,0.08001023131672602,39.0,30.0,9.0
232,0.07973111111111111,0.0905111111111111,0.0,0.0,0.06974059347181005,0.159,0.13531275964391704,0.0951762611275965,35.0,22.0,13.0
233,0.3339367231638417,0.25615819209039564,0.6908,0.0,,,,,36.0,16.0,20.0
234,0.043523232323232346,0.1296060606060606,0.2832,0.14150000000000001,0.14021403508771932,0.118,0.1500175438596491,0.0821578947368421,,,
235,,,,,0.06959629860031102,0.147,0.12035614307931596,0.08755583203732518,34.0,35.0,-1.0
236,0.10258615384615381,0.14140512820512818,0.46704999999999997,0.1175,0.0791536101083032,0.1055,0.10515342960288812,0.07011371841155237,30.0,33.0,-3.0
237,0.10059308510638304,0.13389361702127653,0.386825,0.10725,,,,,38.0,24.0,14.0
238,,,,,,,,,30.0,34.0,-4.0
239,0.09561317365269456,0.13398203592814367,0.3612,0.0,0.12096520129569657,0.0,0.12804349838037957,0.05473114298935677,,,
240,0.16411041666666668,0.1753229166666667,0.49685,0.089,0.0923161517615177,0.0,0.12569159891598905,0.06443197831978317,30.0,19.0,11.0
241,0.19348620689655172,0.18275862068965518,0.63155,0.10975,,,,,22.0,22.0,0.0
242,0.09859444444444448,0.1719027777777778,0.44500000000000006,0.231,,,,,29.0,27.0,2.0
243,0.21323928571428566,0.1962142857142857,0.6087750000000001,0.119,,,,,30.0,33.0,-3.0
244,,,,,0.18043762811127392,0.0,0.15009809663250342,0.04680722303562717,39.0,27.0,12.0
245,0.058765656565656584,0.10417508417508421,0.296,0.0,0.0806007256894051,0.158,0.13985728108369608,0.09308224479922586,36.0,29.0,7.0
246,0.19732620320855618,0.17019251336898397,0.5405,0.0,0.15707006985491712,0.105,0.15413326168726485,0.06888393336915638,40.0,23.0,17.0
247,,,,,0.13659849529780588,0.09,0.1394984326018809,0.066530407523511,40.0,19.0,21.0
248,0.0,0.0,0.0,0.0,,,,,50.0,33.0,17.0
249,0.16037282608695658,0.2033369565217391,0.4588,0.0495,0.0840714058355437,0.153,0.13349336870026524,0.08528806366047752,34.0,24.0,10.0
250,0.3127761194029851,0.24167164179104478,0.7565999999999999,0.0255,0.1816870429762672,0.0685,0.18181462475946114,0.06705259781911481,26.0,14.0,12.0
251,0.04490348837209302,0.1258604651162791,0.22030000000000002,0.09525,,,,,36.0,29.0,7.0
252,0.13170454545454546,0.18861363636363634,0.43815000000000004,0.03775,,,,,35.0,15.0,20.0
253,0.1739630208333333,0.17199479166666667,0.577125,0.12325,0.09572423676012463,0.163,0.14127725856697815,0.09180155763239888,37.0,23.0,14.0
254,0.3365452054794517,0.2385273972602739,0.7375499999999999,0.095,0.12849527472527458,0.11975,0.1444230769230769,0.07508571428571424,31.0,38.0,-7.0
255,0.2744996655518391,0.21191304347826093,0.71665,0.1055,0.1152831902718169,0.13075,0.1349384835479255,0.07525464949928472,27.0,38.0,-11.0
256,,,,,0.09843319761979333,0.138,0.14453304102724732,0.08705010961478234,39.0,25.0,14.0
257,0.12617894736842075,0.19745864661654142,0.4939,0.213,-0.004253959731543622,0.257,0.12642684563758394,0.1355892617449666,20.0,25.0,-5.0
258,0.23721831869510637,0.19065181932245934,0.6597,0.111,0.09072114784778565,0.107,0.11134872114784787,0.06606363069245162,20.0,25.0,-5.0
259,0.5715285714285715,0.23500000000000001,0.8966000000000001,0.0165,,,,,20.0,25.0,-5.0
260,0.12280333333333329,0.12056666666666667,0.61715,0.17125,,,,,35.0,17.0,18.0
261,,,,,0.13009493534482744,0.1365,0.14036961206896545,0.0752683189655172,37.0,21.0,16.0
262,0.18575724703737467,0.16404649042844108,0.6055,0.126,,,,,14.0,18.0,-4.0
263,,,,,,,,,44.0,34.0,10.0
264,,,,,0.11626238621586495,0.119,0.14144018205461634,0.06744213263979186,33.0,20.0,13.0
265,,,,,0.03585871559633031,0.13275,0.11555963302752288,0.07704128440366974,33.0,27.0,6.0
266,0.16177999999999998,0.2084,0.2263,0.0,0.21831015228426395,0.0,0.15551269035532994,0.04473096446700507,38.0,25.0,13.0
267,0.12817066666666665,0.20681333333333335,0.46709999999999996,0.057499999999999996,,,,,36.0,17.0,19.0
268,0.3558081632653061,0.37200000000000005,0.7717,0.117,,,,,31.0,29.0,2.0
269,0.08430303030303031,0.1225656565656566,0.0,0.0,,,,,31.0,24.0,7.0
270,0.25196363636363645,0.20470053475935815,0.6365000000000001,0.0,,,,,45.0,26.0,19.0
271,0.18672602739726027,0.2326027397260274,0.6696,0.0,0.19331364902506942,0.0,0.16416991643454035,0.05296935933147629,33.0,36.0,-3.0
272,,,,,0.34040000000000004,0.0,0.30133333333333334,0.0,40.0,20.0,20.0
273,,,,,0.08711234137055852,0.122,0.13030837563451794,0.07700634517766505,41.0,32.0,9.0
274,0.14403412969283272,0.15529351535836178,0.4574,0.021,0.06789516129032243,0.11625,0.11952419354838709,0.07915835777126098,38.0,16.0,22.0
275,,,,,0.12377259752616572,0.0,0.14749857278782127,0.06547161433555344,,,
276,,,,,0.07652183076439137,0.0,0.13086347908147233,0.07432903428751177,24.0,23.0,1.0
277,0.17397785234899316,0.21851677852348983,0.4404,0.0,0.09277793555434197,0.0,0.12172200983069367,0.060190060076460966,,,
278,0.16325480225988687,0.1827937853107346,0.5719,0.1555,0.0776583595223132,0.08275,0.12256662476429923,0.07715430546825895,35.0,28.0,7.0
279,0.3741465587044536,0.25548582995951413,0.7623499999999999,0.068,0.28146106870229015,0.08375,0.18260305343511446,0.05087786259541985,42.0,20.0,22.0
280,,,,,,,,,39.0,14.0,25.0
281,0.17593636363636364,0.1613232323232323,0.43095,0.0,0.15145782096209018,0.0,0.14188945524052268,0.04898821280662625,37.0,22.0,15.0
282,,,,,0.1388286315789474,0.121,0.15727473684210505,0.07357578947368415,23.0,36.0,-13.0
283,0.26660476190476196,0.3114285714285714,0.5411,0.0,0.08173930457746481,0.0,0.1224203345070422,0.07079709507042259,35.0,20.0,15.0
284,,,,,,,,,31.0,26.0,5.0
285,,,,,0.07086144317126046,0.162,0.13281511303809254,0.09382564261381227,31.0,19.0,12.0
286,0.14577152542372873,0.15168474576271188,0.4496,0.0,,,,,35.0,25.0,10.0
287,-0.09848028169014086,0.06076056338028169,0.0,0.1895,,,,,34.0,29.0,5.0
288,0.3726055555555556,0.311,0.823975,0.07575000000000001,0.24880744878957148,0.077,0.18017132216014897,0.05217318435754188,32.0,29.0,3.0
289,0.1571295081967213,0.1461803278688525,0.4019,0.0,,,,,44.0,31.0,13.0
290,,,,,0.13955444785276064,0.0,0.14378527607361968,0.06378067484662578,39.0,25.0,14.0
291,0.12476307692307695,0.13212307692307693,0.4404,0.0,0.10367310870947256,0.075,0.10288747616020338,0.054339478703115056,32.0,21.0,11.0
292,0.1973260638297872,0.18317553191489364,0.49775,0.07825,,,,,37.0,21.0,16.0
293,,,,,,,,,31.0,17.0,14.0
294,-0.021541025641025644,0.0551025641025641,0.0,0.0,,,,,39.0,24.0,15.0
295,0.042723529411764716,0.11209803921568627,0.25275000000000003,0.17149999999999999,,,,,30.0,33.0,-3.0
296,,,,,,,,,22.0,19.0,3.0
297,0.3055492462311556,0.30420100502512565,0.6119000000000001,0.0,,,,,16.0,26.0,-10.0
298,0.30169000000000007,0.23959999999999998,0.508825,0.0,,,,,34.0,23.0,11.0
299,0.34980526315789473,0.20184210526315788,0.6545000000000001,0.0,,,,,36.0,12.0,24.0
300,0.15868850574712645,0.153183908045977,0.5181,0.0,,,,,39.0,20.0,19.0
301,0.13879385964912283,0.1438508771929824,0.396525,0.0,0.06085228310502285,0.045,0.10923059360730594,0.0780365296803653,36.0,17.0,19.0
302,0.21995829145728646,0.17033668341708547,0.56465,0.07250000000000001,,,,,19.0,27.0,-8.0
303,0.2887178240740742,0.2157152777777778,0.732375,0.11625,,,,,21.0,24.0,-3.0
304,0.4404,0.195,0.4404,0.0,,,,,35.0,30.0,5.0
305,0.31360181818181815,0.2895090909090908,0.64415,0.0,0.28722440604751626,0.0,0.189471562275018,0.03646508279337651,26.0,13.0,13.0
306,,,,,0.07878561643835605,0.137,0.138568873668189,0.08322412480974127,29.0,34.0,-5.0
307,,,,,0.14668819875776384,0.10225000000000001,0.14086335403726727,0.07063561076604556,27.0,22.0,5.0
308,0.11025203252032524,0.17799186991869909,0.4109,0.202,0.05483636733035343,0.167,0.13078179601787898,0.09597561966680221,33.0,20.0,13.0
309,,,,,,,,,22.0,43.0,-21.0
310,,,,,,,,,29.0,27.0,2.0
311,0.3213857142857143,0.29304761904761906,0.6696,0.0,0.14321888111888106,0.0,0.12213986013986013,0.04039160839160839,41.0,23.0,18.0
312,,,,,0.12705297062750345,0.0,0.1621251668891859,0.06833477970627502,39.0,24.0,15.0
313,0.2525117647058823,0.14529411764705882,0.5962,0.0,,,,,40.0,26.0,14.0
314,0.24179444444444417,0.1925151515151516,0.6332249999999999,0.121,0.11524070208728654,0.13275,0.1588459835547124,0.0812887413029728,24.0,22.0,2.0
315,0.1475019607843137,0.14941176470588236,0.4404,0.0215,0.11783564142194783,0.1095,0.14324760432766634,0.07347326120556413,33.0,20.0,13.0
316,,,,,,,,,32.0,19.0,13.0
317,,,,,0.07012227122381472,0.13575,0.12673042998897457,0.08903307607497253,38.0,33.0,5.0
318,0.40481692307692285,0.30841025641025643,0.7901,0.0,0.2841214471629363,0.0,0.2177110879750133,0.05373867777199374,41.0,25.0,16.0
319,0.2999413265306121,0.22790816326530614,0.623775,0.0645,0.13406848273677582,0.147,0.1600947101678811,0.08976401647133349,41.0,20.0,21.0
320,0.2085404255319149,0.19572340425531914,0.54405,0.0935,,,,,42.0,22.0,20.0
321,0.16665172413793106,0.16934482758620686,0.5719,0.0,,,,,42.0,22.0,20.0
322,0.13467593123209162,0.16105444126074503,0.5103500000000001,0.156,0.06862443109987378,0.14825,0.127950695322377,0.0894108723135272,34.0,19.0,15.0
323,0.08352872340425532,0.1512659574468085,0.4588,0.0,,,,,38.0,39.0,-1.0
324,0.010869364161849712,0.11432947976878613,0.25,0.133,0.051122012578616295,0.1,0.10359014675052416,0.07306079664570228,28.0,16.0,12.0
325,0.10179572763684896,0.16761214953271017,0.4753,0.179,0.09530914500469795,0.099,0.1339464453492016,0.07172471030378959,42.0,19.0,23.0
326,0.24512857142857142,0.17528571428571427,0.45855,0.14350000000000002,,,,,35.0,19.0,16.0
327,,,,,,,,,26.0,26.0,0.0
328,0.14862525252525252,0.16948484848484852,0.4588,0.0655,0.061221576633165874,0.10925,0.11623366834170848,0.07211871859296494,26.0,29.0,-3.0
329,0.19469032258064525,0.1592741935483871,0.6369,0.0,,,,,46.0,15.0,31.0
330,0.05848521739130434,0.14372173913043476,0.3612,0.1345,0.0445853146853147,0.177,0.13459440559440558,0.09320512820512822,20.0,34.0,-14.0
331,0.1950153460381146,0.15478034102306942,0.6124,0.102,0.03995425431711141,0.137,0.10365745682888522,0.08949827315541599,25.0,26.0,-1.0
332,,,,,,,,,39.0,16.0,23.0
333,,,,,,,,,38.0,39.0,-1.0
334,,,,,,,,,39.0,23.0,16.0
335,-0.006246428571428565,0.09789285714285714,0.0,0.0,,,,,43.0,21.0,22.0
336,0.17912941176470587,0.11494117647058824,0.3147,0.0,,,,,43.0,21.0,22.0
337,0.1454388429752066,0.15572314049586777,0.4753,0.12675,0.16203522727272726,0.0625,0.1250909090909091,0.04714772727272727,43.0,22.0,21.0
338,0.33404791318864796,0.22421035058430708,0.7624500000000001,0.063,0.2521723120837293,0.075,0.1901316206787188,0.05675642245480495,31.0,38.0,-7.0
339,0.15712676056338024,0.1136338028169014,0.5022500000000001,0.0,0.1025529411764706,0.0,0.0661764705882353,0.03494117647058823,32.0,15.0,17.0
340,0.0,0.0,0.0,0.0,,,,,24.0,25.0,-1.0
341,0.020900000000000005,0.1539066666666667,0.42795,0.2895,,,,,44.0,19.0,25.0
342,,,,,0.0501643857415659,0.169,0.1186397199236154,0.09367345639719928,38.0,26.0,12.0
343,,,,,-0.13915882352941175,0.211,0.07694117647058824,0.13258823529411765,28.0,31.0,-3.0
344,0.3544054347826086,0.30563043478260865,0.647875,0.0,,,,,34.0,26.0,8.0
345,,,,,,,,,42.0,28.0,14.0
346,0.4131797468354428,0.24027848101265822,0.8074,0.052000000000000005,0.24825872649290678,0.0,0.1742952820851207,0.04127911580336518,28.0,15.0,13.0
347,0.33445,0.32910000000000006,0.8272,0.06525,,,,,,,
348,0.13740985915492954,0.16234272300469477,0.4199,0.0,,,,,30.0,39.0,-9.0
349,0.35847683453237433,0.22108201438848904,0.7964,0.119,,,,,25.0,32.0,-7.0
350,0.2812418546365912,0.24235588972431063,0.6166,0.0,,,,,35.0,24.0,11.0
351,0.6571,0.573,0.6571,0.0,0.0705012066365007,0.123,0.11843137254901968,0.0729140271493213,29.0,37.0,-8.0
352,0.0,0.0,0.0,0.0,0.2880200000000002,0.0,0.181825,0.034675,32.0,24.0,8.0
353,0.33445,0.32910000000000006,0.8272,0.06525,,,,,32.0,24.0,8.0
354,,,,,,,,,37.0,31.0,6.0
355,0.267754271356784,0.22567587939698486,0.6573500000000001,0.0,0.10351051020408167,0.138,0.14417993197278936,0.08598945578231285,,,
356,0.09982307692307692,0.19725641025641025,0.40080000000000005,0.0485,0.04890745599999997,0.0,0.09527616000000004,0.06063232000000008,37.0,28.0,9.0
357,0.14825471698113213,0.14669811320754716,0.4574,0.15,,,,,19.0,51.0,-32.0
358,,,,,0.10128993730407514,0.16575,0.16069592476489028,0.0943244514106583,21.0,17.0,4.0
359,0.15454175824175825,0.2088901098901099,0.59845,0.1475,-0.13340999999999997,0.19425,0.0721,0.09230000000000001,33.0,18.0,15.0
360,0.14248539325842702,0.1258202247191011,0.4588,0.117,,,,,39.0,31.0,8.0
361,0.12286329113924054,0.13779746835443038,0.5493,0.029500000000000002,0.10884726799653063,0.095,0.12584908933217687,0.06682480485689501,45.0,18.0,27.0
362,0.2699977941176469,0.2622941176470589,0.5689,0.0,0.09940664953421163,0.103,0.13378670093157727,0.07724445872149048,35.0,29.0,6.0
363,0.03348518518518519,0.047888888888888884,0.0,0.0,,,,,38.0,31.0,7.0
364,,,,,,,,,29.0,17.0,12.0
365,,,,,0.16709200626959267,0.09375,0.19336206896551686,0.0805780564263323,31.0,28.0,3.0
366,0.20099090909090905,0.21154545454545454,0.4637,0.081,0.02126286472148541,0.154,0.09969761273209543,0.08339257294429707,32.0,37.0,-5.0
367,,,,,,,,,24.0,17.0,7.0
368,0.17131666666666667,0.2315,0.430775,0.0,,,,,30.0,33.0,-3.0
369,,,,,0.12821615302869263,0.0,0.15050265674814026,0.06835812964930925,44.0,18.0,26.0
370,0.10655714285714286,0.10457142857142857,0.0,0.0,0.0510710575139146,0.119,0.10103617810760661,0.07204267161410016,28.0,23.0,5.0
371,0.20122307692307692,0.23746153846153847,0.4588,0.0,,,,,42.0,19.0,23.0
372,0.2457243303571429,0.24367410714285684,0.6369,0.16025,0.1014867088607595,0.094,0.12778481012658233,0.06848101265822785,32.0,24.0,8.0
373,0.24884898395721894,0.2490534759358289,0.5562,0.1435,0.15166871421134867,0.0,0.15001613742842246,0.05944039562727745,40.0,13.0,27.0
374,,,,,0.10350595238095239,0.01375,0.11263095238095236,0.050904761904761904,36.0,23.0,13.0
375,,,,,,,,,30.0,30.0,0.0
376,0.25828376753507,0.2531272545090179,0.6348750000000001,0.1365,0.11173807395367713,0.136,0.148312880942706,0.08084437220642014,31.0,21.0,10.0
377,0.2811950354609928,0.2789999999999999,0.5411,0.0,,,,,40.0,24.0,16.0
378,,,,,0.27805662650602414,0.0,0.1893734939759036,0.045706827309236926,40.0,26.0,14.0
379,0.11329080459770116,0.15363218390804598,0.4215,0.15075,,,,,35.0,37.0,-2.0
380,0.13249512195121949,0.17412804878048785,0.586,0.208,0.10514487233151958,0.124,0.1271628296358308,0.0722042695688573,32.0,27.0,5.0
381,0.1133842105263158,0.11821052631578947,0.0129,0.0,,,,,37.0,24.0,13.0
382,,,,,,,,,34.0,25.0,9.0
383,,,,,,,,,35.0,28.0,7.0
384,,,,,,,,,35.0,41.0,-6.0
385,,,,,0.06767116293728334,0.058,0.11112196659312962,0.07473621178695244,43.0,32.0,11.0
386,0.3009814536340848,0.29848621553884724,0.6427,0.0,0.15322527040314637,0.0,0.16020452310717814,0.06497377908882336,47.0,33.0,14.0
387,0.19798447653429593,0.14778700361010838,0.6249,0.103,,,,,33.0,24.0,9.0
388,,,,,0.12686446927374317,0.0,0.13744916201117313,0.05644860335195534,39.0,15.0,24.0
389,0.34282499999999994,0.24817499999999998,0.7619,0.0,,,,,40.0,29.0,11.0
390,,,,,0.10773400997151002,0.06425,0.12520121082621086,0.06619551282051277,36.0,16.0,20.0
391,0.12332330827067667,0.11766917293233087,0.5709,0.1245,,,,,29.0,23.0,6.0
392,,,,,0.13737841328413283,0.0,0.14882964329643275,0.059629151291512895,40.0,19.0,21.0
393,0.17294049079754603,0.1910000000000001,0.4996,0.0,0.05860898437499998,0.14925,0.11088281250000007,0.08964062499999999,35.0,25.0,10.0
394,0.07098139534883723,0.10763953488372091,0.261475,0.0615,,,,,26.0,17.0,9.0
395,,,,,,,,,26.0,26.0,0.0
396,,,,,,,,,35.0,18.0,17.0
397,,,,,0.04358844822159275,0.176,0.1331523449795405,0.0990513062637709,36.0,27.0,9.0
398,0.19266689419795216,0.1304744027303754,0.4926,0.0,0.16288198992443323,0.0,0.14459005037783404,0.04531738035264484,45.0,26.0,19.0
399,0.13791443298969078,0.16407216494845359,0.4404,0.148,0.08900995489690729,0.1015,0.12544297680412367,0.07456829896907217,30.0,34.0,-4.0
400,0.15096629834254152,0.15431491712707182,0.4404,0.0,0.09032304347826081,0.07125,0.11212391304347838,0.06232608695652173,34.0,15.0,19.0
401,0.2997752577319587,0.26143298969072165,0.6588,0.0,0.39270434782608693,0.0,0.19305797101449276,0.025188405797101448,49.0,22.0,27.0
402,,,,,0.11057313604919317,0.0,0.12251306687163735,0.06103574173712527,23.0,18.0,5.0
403,0.056563736263736265,0.1045824175824176,0.11515,0.1005,,,,,42.0,27.0,15.0
404,0.12558253968253968,0.16803174603174606,0.58805,0.159,0.08470138364779874,0.171,0.14994088050314466,0.09992075471698114,31.0,35.0,-4.0
405,0.4110714559386969,0.306463601532567,0.7345,0.0,0.1907910457516338,0.0,0.168029411764706,0.057889542483660114,41.0,22.0,19.0
406,0.0316,0.10375,0.194575,0.23475000000000001,0.07109896907216498,0.099,0.1174226804123712,0.07175945017182135,30.0,37.0,-7.0
407,,,,,-0.05718378378378377,0.27949999999999997,0.113990990990991,0.15083783783783783,39.0,32.0,7.0
408,,,,,0.11241524475524473,0.1095,0.1379412587412587,0.0738853146853147,36.0,15.0,21.0
409,,,,,0.07102988558352405,0.145,0.13023707093821493,0.08778672768878724,23.0,36.0,-13.0
410,,,,,,,,,38.0,31.0,7.0
411,0.26805213032581426,0.21967418546365924,0.635,0.0,0.2087784916201117,0.0,0.17022905027932964,0.04509217877094971,48.0,18.0,30.0
412,,,,,-0.07145333333333334,0.198,0.08243333333333333,0.1041,38.0,28.0,10.0
413,0.20857371134020614,0.15379896907216498,0.492675,0.0105,0.16913708964646482,0.0,0.1727588383838385,0.06353377525252527,34.0,23.0,11.0
414,,,,,0.05398834951456312,0.16,0.11631067961165048,0.09511650485436897,35.0,28.0,7.0
415,0.010088461538461537,0.02603846153846154,0.0,0.0,0.06374665012406949,0.0,0.1055359801488834,0.06523821339950374,31.0,20.0,11.0
416,0.07351619537275071,0.13065552699228797,0.4404,0.145,,,,,31.0,24.0,7.0
417,0.1470504587155963,0.20632110091743108,0.472075,0.08825,0.0899509505703422,0.11,0.11490114068441062,0.07388593155893533,46.0,25.0,21.0
418,,,,,0.0864317721518987,0.139,0.11786582278481016,0.07946582278481017,33.0,23.0,10.0
419,,,,,0.027669151910531174,0.1395,0.10622988505747136,0.0853100341721031,26.0,43.0,-17.0
420,,,,,,,,,38.0,30.0,8.0
421,,,,,0.06791260162601627,0.161,0.1393617886178862,0.09402845528455277,31.0,33.0,-2.0
422,0.2495828282828283,0.1687272727272728,0.6244000000000001,0.042499999999999996,0.1272710870545784,0.098,0.11805638249887256,0.061145692377086086,41.0,27.0,14.0
423,0.30095039001559953,0.23318564742589704,0.7001250000000001,0.09275,0.26065800000000006,0.0,0.21072999999999995,0.05253000000000001,43.0,14.0,29.0
424,0.32890251256281405,0.16166834170854277,0.7388,0.0,,,,,42.0,27.0,15.0
425,,,,,,,,,,,
426,0.11693793103448273,0.12027586206896551,0.4588,0.117,,,,,33.0,38.0,-5.0
427,0.1851259109311739,0.21132591093117406,0.5106,0.10775,0.11049698604060912,0.08725,0.138784581218274,0.07671795685279188,38.0,16.0,22.0
428,0.19566197183098621,0.16973552425665056,0.5228750000000001,0.0,0.08928561425843425,0.0,0.1189576702737109,0.0578198599618078,43.0,22.0,21.0
429,0.2964339393939393,0.23043636363636366,0.7184,0.081,0.13080657482780234,0.0,0.1485842204132752,0.07038040075140896,26.0,23.0,3.0
430,0.11360068181818175,0.16794318181818174,0.4824,0.1915,0.04907646293888165,0.175,0.1258426527958386,0.10000780234070218,35.0,24.0,11.0
431,0.11513749999999999,0.20954166666666663,0.4588,0.21825,0.15326095505617976,0.07275,0.14008426966292137,0.05887921348314607,35.0,22.0,13.0
432,0.20458411633109616,0.1757651006711408,0.5423,0.0895,0.11729125683060118,0.1305,0.15004918032786885,0.08087431693989071,29.0,36.0,-7.0
433,0.013215625,0.029031249999999998,0.0,0.0,,,,,33.0,36.0,-3.0
434,0.2694119521912349,0.2448167330677291,0.60625,0.11,,,,,30.0,12.0,18.0
435,0.08949350649350649,0.15616883116883115,0.4404,0.108,0.06265341880341868,0.0785,0.11945470085470088,0.07669059829059828,40.0,29.0,11.0
436,0.3135218181818181,0.2623636363636363,0.5719,0.0,,,,,38.0,23.0,15.0
437,0.2344269035532995,0.21010659898477158,0.5563,0.084,0.07306437313926581,0.1085,0.10551141250413501,0.06902282500826995,21.0,31.0,-10.0
438,0.02562972972972973,0.04182432432432432,0.0,0.0,,,,,37.0,22.0,15.0
439,,,,,0.12566652983896426,0.135,0.16036627723397553,0.08225134196400383,40.0,14.0,26.0
440,0.06289965986394562,0.15937755102040818,0.4404,0.231,,,,,32.0,21.0,11.0
441,0.30665781758957694,0.21042019543973928,0.73465,0.12625,,,,,43.0,16.0,27.0
442,0.23116990521327016,0.1881350710900474,0.6789000000000001,0.13575,,,,,41.0,22.0,19.0
443,0.3240537678207737,0.3042260692464359,0.70495,0.0915,0.10363408057180003,0.15,0.1522897985705005,0.08917673814165046,38.0,18.0,20.0
444,0.06501927710843373,0.14393975903614456,0.3282,0.0325,,,,,26.0,18.0,8.0
445,0.14170496453900702,0.17651418439716307,0.493725,0.15225,,,,,36.0,28.0,8.0
446,0.16606363636363633,0.14609090909090908,0.4019,0.0,0.12419492273730676,0.075,0.12796909492273736,0.05554966887417221,36.0,21.0,15.0
447,0.16641951219512194,0.1654390243902439,0.4404,0.0,,,,,38.0,26.0,12.0
448,0.4180598377281942,0.3031541582150098,0.7959,0.078,0.20859752704791376,0.06225,0.1586221020092735,0.05772488408037093,33.0,28.0,5.0
449,0.3394427251732101,0.26860739030023106,0.8065,0.108,0.20236684350132614,0.087,0.17010477453580888,0.058481432360742706,33.0,30.0,3.0
450,0.056581545064377674,0.11990414878397715,0.26654999999999995,0.10450000000000001,,,,,37.0,25.0,12.0
451,0.27470235602094234,0.19774083769633513,0.70075,0.11775,0.11065833333333329,0.1515,0.13540416666666674,0.08235416666666671,29.0,21.0,8.0
452,,,,,,,,,39.0,29.0,10.0
453,0.1411630952380952,0.15939285714285714,0.5538,0.14075000000000001,,,,,39.0,26.0,13.0
454,0.10939859154929582,0.15399999999999997,0.4404,0.086,,,,,35.0,19.0,16.0
455,,,,,0.18005835087719277,0.132,0.183006315789474,0.07422315789473687,20.0,16.0,4.0
456,,,,,,,,,10.0,31.0,-21.0
457,0.21614876543209885,0.2025987654320987,0.7039249999999999,0.098,,,,,13.0,17.0,-4.0
458,,,,,0.0473658823529412,0.0985,0.0810470588235294,0.06292549019607843,31.0,38.0,-7.0
459,0.15524621848739495,0.14126890756302526,0.4404,0.0,,,,,42.0,30.0,12.0
460,,,,,0.14406993642143506,0.08,0.1455767484105359,0.06850317892824705,28.0,16.0,12.0
461,-0.00944861111111111,0.08459722222222223,0.0,0.02275,,,,,34.0,34.0,0.0
462,,,,,,,,,24.0,22.0,2.0
463,,,,,,,,,32.0,42.0,-10.0
464,,,,,0.04670208333333332,0.154,0.1159625,0.09449907407407417,32.0,22.0,10.0
465,,,,,0.1734590909090909,0.0,0.11545454545454542,0.040560606060606054,37.0,30.0,7.0
466,0.24614948453608254,0.21342268041237109,0.5719,0.0,,,,,42.0,22.0,20.0
467,0.05067268041237115,0.13117010309278357,0.4211,0.14625,0.0017121140939597439,0.16725,0.09494932885906036,0.09524261744966445,40.0,32.0,8.0
468,0.11037244897959181,0.11663265306122449,0.45419999999999994,0.0,0.47008,0.0,0.3854,0.0222,27.0,28.0,-1.0
469,0.24884898395721894,0.2490534759358289,0.5562,0.1435,0.15166871421134867,0.0,0.15001613742842246,0.05944039562727745,,,
470,0.1752123893805311,0.18926548672566376,0.4767,0.0,,,,,30.0,33.0,-3.0
471,0.1087581907090464,0.15003667481662583,0.5574,0.149,0.07482802197802198,0.0,0.06602747252747251,0.01421978021978022,46.0,22.0,24.0
472,0.4627258620689655,0.3236379310344828,0.7302,0.0,0.13362786885245903,0.092,0.1350327868852459,0.0625737704918033,39.0,17.0,22.0
473,0.12639365079365086,0.17262433862433874,0.4588,0.176,,,,,34.0,23.0,11.0
474,0.40495785123966926,0.2755537190082646,0.8715,0.13,0.17882830188679244,0.15,0.16941509433962265,0.09530188679245283,43.0,20.0,23.0
475,0.2295837988826814,0.18043016759776542,0.63045,0.076,,,,,31.0,19.0,12.0
476,0.07231530612244899,0.12201020408163266,0.19499999999999998,0.00825,0.14896180422264865,0.0,0.1438368522072937,0.061142034548944346,34.0,23.0,11.0
477,0.06946991869918699,0.1345609756097561,0.12714999999999999,0.0,,,,,35.0,15.0,20.0
478,0.16533237822349564,0.1659441260744987,0.57075,0.111,0.12392181818181804,0.126,0.14178181818181815,0.07372121212121213,33.0,19.0,14.0
479,0.20934692597239657,0.20161856963613536,0.5848,0.113,0.20233218465539668,0.0,0.21366644993498046,0.06794083224967488,43.0,29.0,14.0
480,0.1805490566037736,0.1538867924528302,0.6369,0.083,,,,,36.0,32.0,4.0
481,0.18023072625698316,0.1841229050279329,0.55345,0.0,0.1854200619195046,0.0,0.17758390092879295,0.05954582043343652,42.0,20.0,22.0
482,,,,,0.12377259752616572,0.0,0.14749857278782127,0.06547161433555344,38.0,22.0,16.0
483,,,,,,,,,37.0,24.0,13.0
484,,,,,,,,,30.0,19.0,11.0
485,0.11897487437185916,0.14517085427135684,0.5106,0.1535,,,,,,,
486,0.21833463687150834,0.18521787709497198,0.6053999999999999,0.0,,,,,25.0,14.0,11.0
487,0.40042739726027365,0.2664623287671234,0.766675,0.0,,,,,39.0,24.0,15.0
488,0.14064285714285715,0.13342857142857142,0.4939,0.0,0.05446081330868751,0.0,0.10186229205175609,0.06901571164510163,36.0,29.0,7.0
489,,,,,0.47093333333333326,0.0,0.7516666666666666,0.0,30.0,33.0,-3.0
490,0.18255636363636366,0.1926727272727273,0.4588,0.0,0.18371039325842697,0.0,0.25015730337078657,0.07853651685393258,30.0,24.0,6.0
491,,,,,0.21232711864406786,0.0,0.17276647834274944,0.051485875706214705,43.0,21.0,22.0
492,0.15341544117647057,0.171625,0.4926,0.0575,0.07227882882882887,0.086,0.13181981981981977,0.08047747747747751,36.0,21.0,15.0
493,0.33445,0.32910000000000006,0.8272,0.06525,,,,,,,
494,,,,,,,,,36.0,42.0,-6.0
495,0.13249512195121949,0.17412804878048785,0.586,0.208,0.10514487233151958,0.124,0.1271628296358308,0.0722042695688573,36.0,33.0,3.0
496,0.4320806495263867,0.24959810554803777,0.7964,0.1015,0.20417995531439484,0.116,0.1744420683051392,0.06957899776571992,42.0,27.0,15.0
497,0.11408623024830694,0.12686794582392763,0.4199,0.09375,,,,,31.0,15.0,16.0
498,0.07973111111111111,0.0905111111111111,0.0,0.0,0.06974059347181005,0.159,0.13531275964391704,0.0951762611275965,,,
499,0.18965333333333334,0.19173333333333328,0.4879,0.0,,,,,29.0,46.0,-17.0
500,0.11030641891891894,0.17172297297297293,0.344875,0.0,,,,,28.0,30.0,-2.0
501,0.1116808823529412,0.11266176470588236,0.4068,0.101,,,,,39.0,21.0,18.0
502,,,,,0.10451117406358232,0.0,0.11581680830972635,0.05497230091281079,,,
503,,,,,0.06632828549848949,0.08075,0.10897432024169176,0.07042635951661629,35.0,26.0,9.0
504,,,,,0.12705812897366012,0.174,0.16453405994550388,0.10041507720254327,19.0,41.0,-22.0
505,0.03769934640522876,0.11963398692810454,0.25,0.167,0.0689929018789144,0.1065,0.10987056367432152,0.07616075156576203,36.0,36.0,0.0
506,0.16728467153284668,0.16401459854014602,0.5684,0.102,,,,,33.0,23.0,10.0
507,0.18284198895027629,0.2025322283609576,0.6369,0.172,0.0831453105968332,0.17,0.143548112058465,0.09440438489646762,32.0,26.0,6.0
508,0.2557421316964287,0.20757645089285723,0.6802,0.123,0.06822667726550097,0.138,0.12281049284578698,0.0819437201907791,39.0,30.0,9.0
509,0.5939355140186915,0.3513084112149534,0.94415,0.053000000000000005,0.17373663833805522,0.107,0.16769153289266614,0.07824173748819636,37.0,22.0,15.0
510,,,,,0.16194499549143354,0.11,0.18318124436429187,0.07779440937781791,37.0,29.0,8.0
511,,,,,,,,,40.0,28.0,12.0
512,,,,,,,,,,,
513,0.10308421052631578,0.11321052631578951,0.128025,0.0,0.10910137551581843,0.0,0.13186107290233837,0.057138927097661635,35.0,13.0,22.0
514,,,,,0.059995487083722106,0.18,0.1382505446623093,0.10584251478369124,25.0,35.0,-10.0
515,,,,,,,,,23.0,17.0,6.0
516,,,,,0.1867826032540673,0.061,0.1625373383395913,0.061917813934084215,39.0,23.0,16.0
517,,,,,0.018702854393842176,0.211,0.12713213598460565,0.11777742142398984,28.0,32.0,-4.0
518,,,,,0.5562,0.0,0.264,0.0,,,
519,,,,,0.10390921512551637,0.147,0.17712170320940634,0.09333619319987287,40.0,,
520,0.20776928213689466,0.17316694490818027,0.5719,0.0,0.06141966750313668,0.0,0.11034974905897109,0.06669416562107897,34.0,26.0,8.0
521,0.12604930555555552,0.14141145833333332,0.4588,0.07525,,,,,44.0,23.0,21.0
522,0.10836610169491527,0.16017966101694908,0.4588,0.1225,0.14137540106951932,0.0835,0.13785191279308948,0.06499300699300703,35.0,22.0,13.0
523,,,,,0.08644580952380958,0.155,0.14172730158730173,0.0925126984126985,28.0,29.0,-1.0
524,0.5047929292929292,0.22893939393939397,0.92065,0.095,0.31099478613799564,0.112,0.2068835466749922,0.0652422728691851,34.0,17.0,17.0
525,0.35327486095661936,0.2849510567296997,0.7779,0.129,0.17039897468759976,0.105,0.17084844601089388,0.07176001281640498,38.0,30.0,8.0
526,0.5994,0.349,0.5994,0.0,,,,,45.0,26.0,19.0
527,0.28883617021276625,0.244468085106383,0.77385,0.16525,0.26873888888888886,0.133,0.24556006006006006,0.07549849849849853,32.0,30.0,2.0
528,0.13420485074626864,0.17099253731343286,0.4939,0.17225000000000001,0.07629166666666666,0.0,0.065,0.020583333333333332,44.0,22.0,22.0
529,0.2710713333333333,0.2150933333333333,0.6588,0.0,,,,,35.0,28.0,7.0
530,,,,,0.23471065496709537,0.0,0.20545440300846174,0.05153901598245061,42.0,16.0,26.0
531,0.337605379746835,0.24186075949367056,0.742625,0.09625,,,,,19.0,20.0,-1.0
532,0.2635051282051282,0.27617948717948726,0.627675,0.10225000000000001,0.134498620689655,0.08075,0.1356379310344828,0.059965517241379315,29.0,32.0,-3.0
533,,,,,,,,,30.0,40.0,-10.0
534,0.1147,0.07825,0.1147,0.041,,,,,29.0,25.0,4.0
535,0.1024694811800608,0.1709786368260425,0.4575,0.1855,0.10225787821720031,0.137,0.1332749529190208,0.0796544256120528,22.0,22.0,0.0
536,0.11395419463087238,0.14566778523489932,0.4386,0.1265,0.07949987464744608,0.122,0.12075336884989041,0.07650391726731431,36.0,21.0,15.0
537,,,,,0.14120760105448174,0.099,0.1397666959578207,0.06613664323374346,40.0,20.0,20.0
538,0.41593206896551677,0.3173793103448275,0.7732000000000001,0.0,0.3364354910714288,0.0,0.22261192602040772,0.043609693877551065,45.0,24.0,21.0
539,0.12558253968253968,0.16803174603174606,0.58805,0.159,0.08470138364779874,0.171,0.14994088050314466,0.09992075471698114,,,
540,,,,,0.10978276573787402,0.0,0.11896388028895767,0.05409700722394222,26.0,26.0,0.0
541,0.10996129032258069,0.12414516129032253,0.406425,0.0,,,,,20.0,20.0,0.0
542,0.3340411764705883,0.2693235294117647,0.6339,0.0,0.11724903047091419,0.135,0.1637220683287168,0.08268559556786699,39.0,20.0,19.0
543,0.08676249999999999,0.16765,0.40364999999999995,0.1825,,,,,30.0,15.0,15.0
544,0.753,0.4716666666666667,0.81105,0.0,-0.1035633333333333,0.21275,0.06119999999999999,0.10200000000000004,40.0,18.0,22.0
545,0.11403809523809524,0.2174761904761905,0.4926,0.0,,,,,34.0,26.0,8.0
546,0.33875647058823527,0.2534352941176471,0.765,0.076,0.23662405391394503,0.0,0.16031985484707112,0.04105650596163815,31.0,27.0,4.0
547,0.16468216216216214,0.17249189189189187,0.4926,0.0,0.08753411016949143,0.0,0.13334322033898308,0.06928283898305086,37.0,21.0,16.0
548,0.151962311557789,0.16732160804020102,0.5255,0.1235,,,,,30.0,33.0,-3.0
549,,,,,,,,,,,
550,0.28097791164658664,0.165041499330656,0.6369,0.036000000000000004,0.16940082304526788,0.071,0.11901171256726813,0.0458591326369103,37.0,17.0,20.0
551,0.3748204081632653,0.233265306122449,0.8463499999999999,0.09475,,,,,32.0,17.0,15.0
552,0.3488290123456788,0.37772839506172856,0.566025,0.0,0.18083184965380822,0.0875,0.1491384767556874,0.05743916913946591,35.0,43.0,-8.0
553,0.3862448780487806,0.2976829268292683,0.8201,0.117,,,,,31.0,25.0,6.0
554,0.53085,0.356,0.7984,0.0,,,,,18.0,15.0,3.0
555,0.3015666666666667,0.2795,0.6055,0.0,,,,,41.0,23.0,18.0
556,0.1424551148225469,0.16835699373695204,0.4588,0.08549999999999999,0.08050917225950793,0.122,0.13147778843080868,0.08247651006711408,44.0,30.0,14.0
557,0.39572954545454503,0.3767613636363634,0.4939,0.0,0.1508740234375003,0.0,0.1484069010416669,0.060788736979166674,43.0,16.0,27.0
558,0.44131282051282045,0.3441282051282052,0.7504500000000001,0.094,,,,,37.0,30.0,7.0
559,,,,,0.05609782608695654,0.13875,0.10726521739130435,0.0759782608695652,43.0,20.0,23.0
560,0.15762548476454272,0.16480055401662047,0.4574,0.0,0.07665626300457748,0.0,0.1113899292550978,0.06642280482729922,33.0,21.0,12.0
561,,,,,,,,,36.0,34.0,2.0
562,,,,,,,,,43.0,24.0,19.0
563,0.2575239202657807,0.18039867109634555,0.743,0.116,0.10085559396605923,0.112,0.12011596480201119,0.06796197360150846,32.0,32.0,0.0
564,,,,,0.16265963704630823,0.09125,0.1664167709637048,0.07547934918648312,,,
565,0.23911122448979596,0.18051020408163257,0.5823999999999999,0.10925000000000001,0.0990999052132703,0.102,0.12538262243285953,0.07007646129541867,37.0,16.0,21.0
566,0.24487857142857145,0.18128571428571427,0.5511250000000001,0.0405,0.20504415584415575,0.0,0.17054545454545453,0.06198701298701299,32.0,24.0,8.0
567,,,,,,,,,39.0,34.0,5.0
568,0.15950000000000003,0.15816129032258067,0.4109,0.0,0.14711235721703034,0.0625,0.1406884735202492,0.06435929387331252,41.0,28.0,13.0
569,0.055111792452830155,0.14658490566037732,0.4019,0.16725,-0.007195454545454547,0.11225000000000002,0.067,0.06156818181818182,24.0,15.0,9.0
570,,,,,0.005643039319872479,0.179,0.10588204038257173,0.10342933049946867,40.0,13.0,27.0
571,0.3502498007968127,0.23129482071713148,0.7894,0.0895,,,,,34.0,25.0,9.0
572,0.3359666666666667,0.3623440860215053,0.7269,0.0,0.13425777777777823,0.105,0.15579655712050106,0.07208075117370896,41.0,33.0,8.0
573,0.07853333333333333,0.12510416666666666,0.360875,0.0,0.08364642857142852,0.0,0.10227586206896545,0.059073891625615785,34.0,20.0,14.0
574,-0.0711173469387755,0.10119387755102038,0.0,0.43225,,,,,35.0,25.0,10.0
575,0.11053206896551714,0.11657068965517237,0.34,0.0,0.12415804487179502,0.123,0.13848429487179492,0.07053173076923074,36.0,19.0,17.0
576,0.11127692307692316,0.16415050167224085,0.4404,0.117,,,,,20.0,40.0,-20.0
577,,,,,0.26502857142857145,0.0735,0.3232857142857143,0.08642857142857142,24.0,23.0,1.0
578,,,,,0.21113582904884362,0.0,0.17427152956298206,0.05458226221079689,36.0,37.0,-1.0
579,,,,,,,,,29.0,28.0,1.0
580,0.2829030612244899,0.15126530612244904,0.6114,0.0,,,,,,,
581,0.05280069444444443,0.10627083333333327,0.0,0.0,0.0709660577489686,0.0,0.11903005303476726,0.07697701826753096,30.0,25.0,5.0
582,,,,,,,,,39.0,24.0,15.0
583,0.042723529411764716,0.11209803921568627,0.25275000000000003,0.17149999999999999,,,,,30.0,33.0,-3.0
584,,,,,,,,,14.0,11.0,3.0
585,,,,,,,,,31.0,31.0,0.0
586,0.16530627705627693,0.1357489177489177,0.4588,0.0,,,,,44.0,18.0,26.0
587,,,,,,,,,37.0,30.0,7.0
588,0.05078571428571429,0.19685714285714284,0.19815,0.0955,0.011668224299065416,0.2065,0.11971547248182766,0.10861266874350983,,,
589,0.47528256130790164,0.2969400544959128,0.836,0.0,0.31048956661316207,0.0,0.21724879614767265,0.03831139646869982,34.0,28.0,6.0
590,0.04458000000000001,0.1076,0.0,0.0,,,,,26.0,32.0,-6.0
591,,,,,0.254665214626391,0.123,0.19693926868044506,0.07392241653418133,37.0,32.0,5.0
592,0.11475473684210528,0.1312736842105263,0.5448999999999999,0.14300000000000002,0.14033079069767446,0.129,0.14906201550387602,0.07457860465116269,44.0,13.0,31.0
593,0.17905590551181103,0.22596850393700776,0.52565,0.0,0.08460928571428572,0.092,0.11638928571428571,0.07085000000000002,33.0,32.0,1.0
594,,,,,0.05560009425070672,0.076,0.09823421300659749,0.06936710650329865,34.0,27.0,7.0
595,,,,,0.1508540983606557,0.0,0.13037704918032791,0.05054098360655738,20.0,31.0,-11.0
596,0.1642013871374526,0.1289407313997479,0.5245,0.072,0.12899588477366256,0.0,0.12272016460905351,0.050765432098765426,36.0,17.0,19.0
597,0.010643478260869565,0.08417391304347825,0.0,0.0,,,,,26.0,36.0,-10.0
598,0.4054476470588234,0.37550000000000006,0.7579,0.06525,,,,,37.0,28.0,9.0
599,,,,,0.2531459637561782,0.0,0.20003459637561768,0.04135914332784184,36.0,20.0,16.0
600,0.047756818181818164,0.11465909090909089,0.2571,0.0325,,,,,33.0,19.0,14.0
601,0.08666962025316459,0.1216244725738397,0.4374,0.111,0.10462495511669648,0.12,0.12596768402154396,0.0745350089766607,32.0,33.0,-1.0
602,0.04826675062972294,0.12476574307304782,0.3182,0.0,0.05094862671660412,0.118,0.11687421972534344,0.08939076154806495,27.0,34.0,-7.0
603,,,,,,,,,38.0,39.0,-1.0
604,0.1012947169811321,0.13573207547169805,0.3818,0.084,,,,,39.0,26.0,13.0
605,0.15850793650793646,0.1220238095238095,0.3756,0.0,0.13714835271317827,0.043,0.12059399224806207,0.05120155038759692,44.0,18.0,26.0
606,0.2564317567567566,0.25627702702702715,0.5849,0.0,0.13919627054361583,0.0,0.14294595448799002,0.06557458912768646,42.0,32.0,10.0
607,0.06847464114832533,0.14046001367054,0.5106,0.1775,0.001157627118644073,0.23049999999999998,0.12677966101694918,0.10261016949152542,42.0,27.0,15.0
608,0.08868888888888887,0.1569191919191919,0.4404,0.076,,,,,39.0,19.0,20.0
609,0.29326363636363617,0.24278787878787872,0.6166,0.0,0.10883645833333329,0.09675,0.12836458333333334,0.05705208333333333,36.0,25.0,11.0
610,0.08422994923857871,0.13925888324873098,0.4215,0.138,0.0665468105670103,0.145,0.1363250644329898,0.092409149484536,29.0,22.0,7.0
611,0.15166655405405402,0.14914189189189184,0.5584250000000001,0.116,0.08304292063492079,0.118,0.11381936507936512,0.07194888888888891,38.0,28.0,10.0
612,0.14053103448275864,0.1080344827586207,0.4404,0.0,0.08745730302086581,0.167,0.1431591404546873,0.0930196200560573,40.0,32.0,8.0
613,0.1306166666666667,0.21066666666666667,0.4404,0.0,,,,,45.0,31.0,14.0
614,0.0626072202166065,0.17701083032490977,0.4184,0.218,0.06834710144927536,0.13824999999999998,0.13039855072463766,0.09007971014492755,,,
615,0.028760451977401107,0.11645197740112993,0.2023,0.158,0.11746054273237726,0.125,0.1394139114160951,0.07922083593262626,38.0,36.0,2.0
616,0.3551654237288135,0.3231372881355929,0.659475,0.078,0.10035142217961013,0.125,0.12751965484180242,0.078987535953979,32.0,25.0,7.0
617,0.14136190476190466,0.165140350877193,0.48505,0.131,0.09316368970013036,0.11875,0.1400795306388528,0.07922490221642774,33.0,32.0,1.0
618,0.31959095744680843,0.22715957446808532,0.757375,0.07725,0.1683259224515322,0.08,0.14832958098811758,0.05914821763602245,30.0,26.0,4.0
619,0.3205999999999999,0.2683949367088608,0.71555,0.0,,,,,34.0,24.0,10.0
620,0.33445,0.32910000000000006,0.8272,0.06525,,,,,,,
621,0.03399928825622777,0.11361921708185053,0.1027,0.0,0.06500352644836274,0.0,0.11055415617128467,0.07423929471032745,30.0,33.0,-3.0
622,,,,,0.04949227895392276,0.12925,0.11355136986301362,0.0841419676214196,34.0,39.0,-5.0
623,-0.008447058823529415,0.07276470588235295,0.0,0.0,0.17348060200668886,0.0,0.12429096989966552,0.042722408026755844,31.0,29.0,2.0
624,0.3239869565217393,0.3204782608695652,0.6884,0.0,0.10700389344262279,0.095,0.13661936475409833,0.07703278688524587,30.0,34.0,-4.0
625,0.04548350515463918,0.13516494845360824,0.2235,0.0,,,,,21.0,25.0,-4.0
626,0.07785593220338982,0.10574576271186442,0.2415,0.0,0.12777372056514916,0.0,0.12859811616954492,0.0486116169544741,33.0,38.0,-5.0
627,0.06239002849002848,0.09001709401709401,0.0,0.0,,,,,39.0,27.0,12.0
628,0.2541486567164178,0.20197611940298513,0.6080000000000001,0.0,0.0,0.0,0.0,0.0,,,
629,0.034953846153846155,0.08946153846153847,0.0,0.0,,,,,30.0,30.0,0.0
630,,,,,0.12249271523178813,0.088,0.12722516556291388,0.06259602649006624,39.0,25.0,14.0
631,0.43382323232323206,0.3046565656565656,0.81725,0.0445,0.1476798356510748,0.093,0.14452749683944385,0.0640410872313527,40.0,23.0,17.0
632,0.39211453634085214,0.299137844611529,0.84325,0.152,0.22512659270998417,0.0,0.18054960380348667,0.05704278922345487,36.0,27.0,9.0
633,0.020155555555555548,0.12126262626262627,0.0,0.0,,,,,37.0,23.0,14.0
634,,,,,0.03400516569200766,0.16475,0.1179779077322935,0.09710298895386618,36.0,47.0,-11.0
635,,,,,0.1160467134972404,0.13,0.13897139989964855,0.0849367787255394,22.0,27.0,-5.0
636,0.30559732441471554,0.25344147157190644,0.7170000000000001,0.086,0.10255568581477127,0.095,0.13113481828839388,0.06354396248534587,43.0,25.0,18.0
637,,,,,0.15599977931904174,0.0,0.15416488020176558,0.06285687263556113,43.0,18.0,25.0
638,0.1463176300578034,0.16972687861271668,0.46044999999999997,0.104,0.3160875,0.0,0.17677083333333335,0.031062500000000003,41.0,35.0,6.0
639,0.16248271604938272,0.15665432098765433,0.3802,0.0,0.10612068203347033,0.091,0.11954688980107361,0.06027060309441111,34.0,29.0,5.0
640,0.0376,0.12833333333333333,0.1806,0.0995,,,,,37.0,27.0,10.0
641,,,,,0.04616596578759786,0.161,0.12472059871703485,0.0959590163934426,34.0,23.0,11.0
642,,,,,,,,,29.0,27.0,2.0
643,0.12369610705596118,0.13152554744525544,0.4019,0.0,,,,,48.0,20.0,28.0
644,0.15445919732441465,0.17381939799331103,0.4926,0.0185,,,,,40.0,23.0,17.0
645,,,,,,,,,38.0,24.0,14.0
646,0.17686404109589018,0.20479794520547945,0.508325,0.0,,,,,35.0,16.0,19.0
647,,,,,0.051915635395874855,0.10875,0.1054411177644711,0.07838489687292084,46.0,14.0,32.0
648,0.27430507246376806,0.21820289855072464,0.7352,0.028,0.19686476558723995,0.0,0.16295263412276498,0.04416239729337841,38.0,27.0,11.0
649,0.4602067375886519,0.3170531914893618,0.84375,0.11,0.07758754578754577,0.133,0.12153846153846157,0.07660805860805864,37.0,24.0,13.0
650,0.19385686274509806,0.12894117647058823,0.5789,0.0,,,,,40.0,27.0,13.0
651,0.0376,0.12833333333333333,0.1806,0.0995,,,,,29.0,22.0,7.0
652,0.33445,0.32910000000000006,0.8272,0.06525,,,,,,,
653,0.49905,0.5660000000000001,0.567975,0.0,0.13734195121951218,0.0,0.15195121951219515,0.06262439024390244,29.0,20.0,9.0
654,,,,,0.10777052464228928,0.091,0.12906359300476938,0.06553290937996817,33.0,23.0,10.0
655,,,,,0.15232289572864322,0.12,0.16181061557788978,0.07245194723618088,36.0,34.0,2.0
656,,,,,0.05710204178537492,0.156,0.11692687559354217,0.0859976258309591,37.0,26.0,11.0
657,0.05719859719438869,0.1295390781563126,0.41305000000000003,0.1625,,,,,39.0,28.0,11.0
658,0.12420439056356487,0.16800655307994747,0.5719,0.171,,,,,22.0,35.0,-13.0
659,,,,,0.15465327102803736,0.1675,0.1644766355140187,0.09034579439252334,29.0,31.0,-2.0
660,,,,,,,,,37.0,21.0,16.0
661,0.14251224489795916,0.11789795918367348,0.43725,0.07375,0.09953442313737818,0.0,0.13328418736246483,0.0656186733731531,31.0,35.0,-4.0
662,0.4510752577319586,0.27193814432989694,0.7964,0.0,,,,,38.0,23.0,15.0
663,0.1360498076923076,0.2070076923076922,0.564875,0.214,,,,,42.0,18.0,24.0
664,0.08113142857142858,0.11768571428571425,0.2121,0.0,0.10500671981776753,0.10675,0.14519362186788148,0.07591913439635534,39.0,21.0,18.0
665,,,,,,,,,32.0,31.0,1.0
666,0.33445,0.32910000000000006,0.8272,0.06525,,,,,,,
667,0.15152663551401838,0.16443457943925238,0.566175,0.126,0.17524527559055142,0.0,0.14600708661417322,0.05220787401574801,26.0,29.0,-3.0
668,0.14532745098039213,0.13331372549019607,0.5332,0.0595,0.1250829741379311,0.0,0.15280872844827562,0.06588954741379315,41.0,27.0,14.0
669,0.2624141683778232,0.21896919917864477,0.6547000000000001,0.112,,,,,32.0,22.0,10.0
670,0.3102790697674419,0.24216279069767438,0.6450750000000001,0.12275,0.28189999999999993,0.0,0.18160176991150445,0.028221238938053107,37.0,23.0,14.0
671,0.13196315789473684,0.16244736842105265,0.480525,0.0975,0.21511081081081085,0.0,0.14348648648648646,0.026702702702702703,42.0,30.0,12.0
672,0.2695302564102564,0.24386153846153838,0.6114,0.0,,,,,36.0,24.0,12.0
673,,,,,,,,,44.0,40.0,4.0
674,0.18536044176706812,0.1547208835341366,0.4588,0.0,0.04584954128440366,0.0,0.09371559633027525,0.06805504587155962,36.0,34.0,2.0
675,,,,,0.09231904761904748,0.108,0.11296466973886328,0.059620583717357914,43.0,14.0,29.0
676,,,,,0.07445806451612899,0.0,0.10744354838709677,0.054822580645161274,28.0,25.0,3.0
677,,,,,0.05183108448928119,0.1395,0.1429196090794453,0.0979252837326607,41.0,18.0,23.0
678,0.031033613445378166,0.05796638655462184,0.0,0.0,-0.001523076923076926,0.0885,0.09000000000000001,0.08726923076923078,37.0,30.0,7.0
679,0.18817499999999998,0.167,0.5910249999999999,0.01075,,,,,20.0,37.0,-17.0
680,0.08104312169312172,0.13191534391534393,0.37665,0.1215,,,,,36.0,26.0,10.0
681,0.18099599999999996,0.16837333333333335,0.5022500000000001,0.0,0.11623135215453186,0.156,0.1518865775136207,0.08544873699851414,35.0,29.0,6.0
682,0.18818492462311553,0.18289949748743717,0.4939,0.0,0.019260628406540473,0.166,0.10445912151330544,0.10001346585444053,30.0,33.0,-3.0
683,0.2636673076923078,0.3365192307692307,0.64405,0.1775,,,,,40.0,22.0,18.0
684,0.14451497005988023,0.1446347305389222,0.4404,0.0,0.05134416666666666,0.063,0.1064208333333334,0.08320624999999995,40.0,12.0,28.0
685,0.33445,0.32910000000000006,0.8272,0.06525,,,,,28.0,30.0,-2.0
686,,,,,0.09150347349177337,0.126,0.1300050274223033,0.07388848263254119,33.0,23.0,10.0
687,-0.07945853658536585,0.05958536585365854,0.0,0.338,,,,,39.0,16.0,23.0
688,,,,,0.0639509702457955,0.096,0.11631953428201805,0.08568564036222515,36.0,20.0,16.0
689,0.2639731707317073,0.22475609756097564,0.5242,0.0,,,,,25.0,25.0,0.0
690,0.06067340425531916,0.11279787234042551,0.3182,0.0,0.12690918367346932,0.0,0.13877551020408163,0.06296793002915452,46.0,22.0,24.0
691,0.12504532374100716,0.17311510791366905,0.4404,0.0,0.060512764612954184,0.126,0.11949731437598736,0.08069162717219594,40.0,16.0,24.0
692,0.24206198830409345,0.19776608187134506,0.61815,0.0,0.19464404624277462,0.0,0.16754913294797671,0.051110982658959525,33.0,26.0,7.0
693,,,,,0.11355660828025445,0.08325,0.12353105095541402,0.0617292993630573,35.0,31.0,4.0
694,,,,,0.08967753023551903,0.15,0.14402641629535343,0.08778771483131755,27.0,21.0,6.0
695,,,,,0.20473448275862066,0.0,0.13171839080459768,0.04232758620689655,35.0,14.0,21.0
696,,,,,0.10097337992376135,0.085,0.14539739517153746,0.07789898348157565,35.0,34.0,1.0
697,0.1353418181818182,0.15185454545454544,0.63035,0.1825,,,,,32.0,37.0,-5.0
698,0.2043743553008594,0.17931088825214905,0.63015,0.135,0.09339370829361299,0.148,0.13016364791865262,0.08017890054019697,28.0,18.0,10.0
699,,,,,0.17862281091370508,0.06625,0.15589879441624377,0.05382772842639592,29.0,32.0,-3.0
700,,,,,0.18385512820512828,0.0,0.148474358974359,0.03826923076923077,31.0,20.0,11.0
701,0.17697474747474753,0.16821212121212123,0.484,0.0,0.20641658107116653,0.0,0.1494277329420388,0.043993763756419675,36.0,15.0,21.0
702,0.3606692567567569,0.19540878378378385,0.852675,0.106,,,,,28.0,26.0,2.0
703,,,,,0.13120394871794894,0.08675,0.1727769230769234,0.07796871794871796,49.0,27.0,22.0
704,0.41628686868686876,0.2604444444444444,0.8264,0.0,0.19883009708737862,0.0,0.14127669902912618,0.046165048543689316,34.0,28.0,6.0
705,0.1739716981132075,0.17082075471698116,0.5291,0.12175,0.07558164062499999,0.08725,0.106484375,0.067046875,42.0,20.0,22.0
706,,,,,,,,,36.0,24.0,12.0
707,,,,,0.21443533810143126,0.127,0.20207022106632008,0.0742100130039011,39.0,47.0,-8.0
708,,,,,,,,,47.0,27.0,20.0
709,,,,,0.09747771543086191,0.1255,0.15467174348697407,0.08617675350701395,39.0,16.0,23.0
710,0.20312708333333332,0.13935416666666667,0.469325,0.0,,,,,,,
711,0.16194020618556698,0.1414226804123711,0.4404,0.0,0.1242897835497834,0.0,0.11316623376623373,0.04807012987012986,38.0,28.0,10.0
712,,,,,0.07526456618112737,0.102,0.11773052564914514,0.07479322355921471,39.0,23.0,16.0
713,0.3424695278969953,0.2388111587982833,0.7808999999999999,0.096,,,,,29.0,15.0,14.0
714,,,,,0.0,0.0,0.0,0.0,38.0,30.0,8.0
715,0.09043529411764706,0.14145588235294115,0.20829999999999999,0.0,,,,,35.0,19.0,16.0
716,,,,,0.08177307692307692,0.13274999999999998,0.10303846153846154,0.0615,30.0,13.0,17.0
717,,,,,,,,,,,
718,0.3800211711711709,0.2523682432432431,0.784825,0.09,0.0830409277374569,0.106,0.11282959924266336,0.06758914484064386,41.0,24.0,17.0
719,0.14837373737373738,0.18672727272727266,0.5905,0.121,0.09551385991058117,0.103,0.12296050670640837,0.06944113263785395,29.0,21.0,8.0
720,0.19610937500000003,0.16846875000000008,0.5745750000000001,0.0,0.0688522842639594,0.104,0.11671446700507618,0.08393147208121828,30.0,13.0,17.0
721,0.10802786885245905,0.13880327868852457,0.3818,0.095,0.09515267175572518,0.0815,0.13332824427480916,0.06764122137404581,36.0,22.0,14.0
722,0.23721831869510637,0.19065181932245934,0.6597,0.111,0.09072114784778565,0.107,0.11134872114784787,0.06606363069245162,29.0,18.0,11.0
723,0.2070240802675584,0.2006064659977704,0.6166,0.105,0.08036580113996217,0.04775,0.11960037998733375,0.06523527549081698,35.0,30.0,5.0
724,0.02452325581395348,0.14061046511627903,0.44500000000000006,0.219,0.07242222222222218,0.1585,0.13221845574387944,0.08839171374764591,31.0,24.0,7.0
725,,,,,0.1406746428571427,0.10225,0.15941547619047627,0.06859285714285714,35.0,25.0,10.0
726,,,,,0.17215551102204413,0.1055,0.15614629258517043,0.06155911823647296,19.0,15.0,4.0
727,,,,,,,,,33.0,25.0,8.0
728,0.3193914583333329,0.30841874999999985,0.6705,0.1115,0.09852414998411194,0.125,0.14692723228471585,0.07487353034636166,40.0,45.0,-5.0
729,-0.00944861111111111,0.08459722222222223,0.0,0.02275,,,,,33.0,41.0,-8.0
730,,,,,,,,,33.0,21.0,12.0
731,0.2555999999999999,0.1913869346733668,0.5712999999999999,0.0,0.11525213483146056,0.0,0.13157078651685397,0.05394831460674156,35.0,22.0,13.0
732,,,,,,,,,30.0,33.0,-3.0
733,0.20857371134020614,0.15379896907216498,0.492675,0.0105,0.16913708964646482,0.0,0.1727588383838385,0.06353377525252527,26.0,27.0,-1.0
734,,,,,0.15012821428571416,0.1225,0.15651964285714284,0.07906785714285716,42.0,24.0,18.0
735,,,,,,,,,36.0,28.0,8.0
736,0.21381553133514986,0.2090885558583106,0.5106,0.058,0.1260985820174025,0.0,0.13454012246213368,0.05619013857557201,30.0,19.0,11.0
737,0.20172559241706142,0.18928436018957348,0.51865,0.0,0.2370632653061224,0.0,0.20772789115646254,0.046727891156462587,27.0,36.0,-9.0
738,0.06890500000000001,0.1542,0.478075,0.205,,,,,29.0,32.0,-3.0
739,0.37941034482758623,0.34600000000000003,0.7717,0.105,0.1622394695787835,0.097,0.1730829953198131,0.07550826833073324,35.0,19.0,16.0
740,-0.052885,0.00585,0.0,0.0,,,,,34.0,29.0,5.0
741,0.10474770833333333,0.11697708333333333,0.4754,0.126,,,,,38.0,38.0,0.0
742,,,,,0.162814731707317,0.098,0.14189365853658542,0.06497853658536588,35.0,35.0,0.0
743,0.3440200000000001,0.354475,0.583075,0.0,,,,,42.0,18.0,24.0
744,0.23452713864306768,0.18148672566371676,0.6124,0.1075,0.14142577209797638,0.11,0.14363791267305645,0.06319275825346114,39.0,21.0,18.0
745,,,,,,,,,42.0,24.0,18.0
746,-0.021987407407407407,0.07633333333333334,0.0,0.0,,,,,33.0,37.0,-4.0
747,,,,,0.08460119722747333,0.137,0.12740548204158808,0.08116257088846876,19.0,34.0,-15.0
748,0.1290032608695652,0.1317391304347826,0.4404,0.07,0.16055665411173836,0.0,0.16567671060891428,0.05866886377903326,41.0,14.0,27.0
749,0.267754271356784,0.22567587939698486,0.6573500000000001,0.0,0.10351051020408167,0.138,0.14417993197278936,0.08598945578231285,36.0,29.0,7.0
750,0.17426262626262606,0.19215488215488213,0.4588,0.0,0.06327429975429955,0.205,0.1656452088452087,0.11290614250614257,41.0,25.0,16.0
751,0.40607582417582394,0.41604395604395594,0.68465,0.0,,,,,,,
752,0.20930863309352515,0.18576258992805753,0.5423,0.0,,,,,35.0,24.0,11.0
753,,,,,0.12853262032085558,0.112,0.13955080213903737,0.07958021390374331,27.0,32.0,-5.0
754,,,,,0.16088502879078684,0.099,0.15332629558541266,0.06605950095969294,41.0,27.0,14.0
755,0.20160384615384613,0.17330769230769233,0.60185,0.0,,,,,37.0,27.0,10.0
756,0.3636769230769231,0.3524999999999999,0.5449499999999999,0.07325,0.1998591439688716,0.0,0.18169260700389106,0.05098573281452661,29.0,14.0,15.0
757,,,,,0.27805662650602414,0.0,0.1893734939759036,0.045706827309236926,27.0,17.0,10.0
758,0.07419039999999998,0.12011999999999999,0.4019,0.12525,0.08200199222546171,0.0885,0.10028620019436335,0.05991350826044696,,,
759,0.4036444444444442,0.3400808080808081,0.7172499999999999,0.0,0.1800784537389103,0.099,0.17413846641318118,0.06924714828897335,35.0,16.0,19.0
760,0.12280333333333329,0.12056666666666667,0.61715,0.17125,,,,,33.0,16.0,17.0
761,0.08186249999999999,0.13832991803278682,0.3612,0.135,0.12084863438857846,0.08375,0.13224332712600873,0.06616977032898821,33.0,26.0,7.0
762,0.1949384615384615,0.22202564102564099,0.5025999999999999,0.0,,,,,15.0,20.0,-5.0
763,0.3467615384615386,0.3191615384615384,0.6908,0.06925,,,,,30.0,20.0,10.0
764,0.17400681818181818,0.20214772727272728,0.5848,0.0,0.08830307455803237,0.0,0.12103343581860085,0.06543120676402775,38.0,24.0,14.0
765,,,,,0.03180750397456274,0.095,0.10532019077901426,0.09014435612082662,,,
766,0.02137090909090909,0.10612727272727272,0.0,0.16599999999999998,,,,,,31.0,
767,0.3357049295774647,0.2689823943661973,0.711925,0.104,0.13758431810923044,0.0895,0.13777387416160966,0.06443308847013737,37.0,16.0,21.0
768,0.021330612244897962,0.13213265306122451,0.3182,0.21800000000000003,0.05957617200129322,0.119,0.1212955059812484,0.08776753960556086,46.0,23.0,23.0
769,0.13284722222222223,0.15036111111111108,0.47109999999999996,0.1155,0.1717150807899461,0.095,0.14098922800718133,0.05406104129263916,35.0,34.0,1.0
770,0.05530212765957447,0.148531914893617,0.29295,0.0,0.055898859126983995,0.12425,0.11003075396825385,0.08583283730158729,31.0,26.0,5.0
771,0.19949524647887282,0.16580281690140847,0.5859,0.11125,,,,,43.0,19.0,24.0
772,0.48400000000000015,0.2767387755102039,0.8888,0.0945,,,,,47.0,14.0,33.0
773,0.017462666666666668,0.005666666666666667,0.0,0.0,,,,,30.0,32.0,-2.0
774,0.15975989847715744,0.16749238578680203,0.5319,0.133,,,,,35.0,12.0,23.0
775,,,,,,,,,39.0,20.0,19.0
776,0.149025,0.15115625,0.44600000000000006,0.0835,0.03897302325581396,0.11449999999999999,0.10450232558139533,0.07189767441860465,33.0,21.0,12.0
777,0.02137090909090909,0.10612727272727272,0.0,0.16599999999999998,,,,,,,
778,0.09230268456375842,0.1408154362416108,0.4404,0.09675,,,,,25.0,40.0,-15.0
779,,,,,0.12719438860971555,0.08625,0.14438944723618097,0.06524036850921268,34.0,27.0,7.0
780,0.1345879120879121,0.1280989010989011,0.2202,0.0,0.08080528559249782,0.0,0.13286786018755323,0.07698039215686274,35.0,33.0,2.0
781,0.18940998248686497,0.18829071803852893,0.6114,0.065,0.11323962740764154,0.119,0.14179160088411732,0.08241711398800129,42.0,31.0,11.0
782,0.23911122448979596,0.18051020408163257,0.5823999999999999,0.10925000000000001,0.0990999052132703,0.102,0.12538262243285953,0.07007646129541867,34.0,14.0,20.0
783,0.33283421487603304,0.24767768595041337,0.7156,0.0,0.3353075892857142,0.0,0.22165178571428581,0.04000892857142857,48.0,23.0,25.0
784,0.20412835051546385,0.25512371134020617,0.5423,0.17825,0.10146161486702968,0.0,0.1277946171099007,0.06565235501441836,40.0,44.0,-4.0
785,,,,,0.23281770833333346,0.0,0.2018819444444443,0.04161458333333334,38.0,19.0,19.0
786,0.32250190114068383,0.33269201520912534,0.5859,0.0,,,,,36.0,28.0,8.0
787,0.2064834586466165,0.1820902255639097,0.6249,0.1325,0.06399296874999998,0.18924999999999997,0.14005468749999994,0.10810156250000001,22.0,34.0,-12.0
788,0.15514880382775123,0.14483253588516748,0.5673,0.135,,,,,38.0,19.0,19.0
789,0.22101836734693872,0.1706326530612245,0.6471750000000001,0.0,0.07444527363184077,0.095,0.10678109452736317,0.06639303482587063,29.0,20.0,9.0
790,0.0035211538461538535,0.10532692307692308,0.46465,0.20175,,,,,28.0,30.0,-2.0
791,0.1058,0.252,0.43184999999999996,0.13124999999999998,0.0,0.0,0.0,0.0,26.0,25.0,1.0
792,,,,,0.033461791418728355,0.085,0.09077137488255559,0.07444503601628571,24.0,32.0,-8.0
793,0.13426919060052211,0.19919843342036567,0.4588,0.0965,0.07003663903061227,0.137,0.13252869897959202,0.08609375000000002,27.0,25.0,2.0
794,0.21214193548387092,0.18539170506912447,0.6809,0.154,,,,,22.0,26.0,-4.0
795,0.15520606060606068,0.1591212121212121,0.4926,0.0,0.11726018276762402,0.0,0.09857832898172321,0.04176501305483029,39.0,24.0,15.0
796,0.3232536413469073,0.31482380579483155,0.6486,0.17,0.15661762991743552,0.1525,0.18945118989800888,0.08557940747935892,36.0,20.0,16.0
797,,,,,,,,,38.0,42.0,-4.0
798,0.25153654822335014,0.204522842639594,0.5984,0.069,,,,,35.0,20.0,15.0
799,,,,,,,,,37.0,32.0,5.0
800,,,,,,,,,38.0,29.0,9.0
801,,,,,,,,,46.0,31.0,15.0
802,,,,,0.09356449468085128,0.084,0.14658111702127685,0.07811602393617015,,,
803,,,,,0.11376028767979995,0.09175,0.130734521575985,0.06835053158223886,36.0,26.0,10.0
804,0.3225855569155444,0.2469877600979191,0.6705,0.112,0.1585362388250323,0.10725,0.14957982120051092,0.0658710089399745,37.0,21.0,16.0
805,,,,,0.040086767399267344,0.143,0.10488232600732607,0.08565796703296699,41.0,26.0,15.0
806,0.29236483516483514,0.17003296703296703,0.696,0.0,,,,,35.0,24.0,11.0
807,,,,,0.04053746388443008,0.171,0.13008764044943852,0.09642279293739967,41.0,26.0,15.0
808,0.16325352112676061,0.22395774647887326,0.54125,0.11649999999999999,,,,,31.0,37.0,-6.0
809,0.18630098684210514,0.17094078947368424,0.560725,0.06175,,,,,,,
810,,,,,,,,,31.0,24.0,7.0
811,0.36736944444444386,0.3100104166666666,0.64195,0.0,0.270529688493326,0.0,0.207928798474253,0.051019707565162165,35.0,18.0,17.0
812,0.21179541984732822,0.1954274809160305,0.6124,0.1445,0.12741484942886788,0.083,0.12609761163032185,0.05951505711318795,34.0,25.0,9.0
813,,,,,0.07490820312499999,0.149,0.1242747395833333,0.08033463541666666,37.0,23.0,14.0
814,0.34021777777777773,0.3463888888888889,0.617725,0.0,0.1841067061759203,0.0,0.1867364316905804,0.0687738615096693,28.0,33.0,-5.0
