,tw_vad_comp,tw_vader_neg75,tw_vader_pos,tw_vader_neg,PANAS_Pos,PANAS_Neg,tot_affect
2,0.09337096636866755,0.0,0.1146875266070668,0.0563465304384845,42.0,15.0,27.0
6,0.14595078082929452,0.105,0.1494135702746363,0.06464135702746368,28.0,22.0,6.0
7,0.08490379834254125,0.123,0.13485151933701656,0.07899861878453038,26.0,28.0,-2.0
8,0.144731479736098,0.137,0.16387370405278065,0.07978605089538171,36.0,25.0,11.0
12,0.07422856253889257,0.14375,0.12716614810205365,0.08524113254511508,24.0,42.0,-18.0
18,0.11817395023328138,0.1175,0.13530248833592542,0.07219284603421462,35.0,29.0,6.0
20,0.11418966712898747,0.0,0.13189112343966697,0.06657142857142863,31.0,32.0,-1.0
22,0.13120394871794894,0.08675,0.1727769230769234,0.07796871794871796,41.0,25.0,16.0
23,0.056433198001249275,0.114,0.10414116177389136,0.08024328544659577,35.0,49.0,-14.0
24,0.19757739704495447,0.0,0.18334706067274467,0.06233511474379137,33.0,35.0,-2.0
28,0.05805065693430655,0.162,0.11606715328467147,0.08139124087591246,42.0,22.0,20.0
29,0.043825186104218296,0.124,0.11400744416873457,0.08729342431761787,43.0,22.0,21.0
30,0.10241042593769875,0.0,0.14170565797838564,0.067708200890019,37.0,23.0,14.0
38,0.09150596171948554,0.159,0.1475861311578291,0.09022278004392846,50.0,15.0,35.0
40,0.36973349999999994,0.0,0.17984999999999998,0.020595,36.0,35.0,1.0
41,0.14191942332065932,0.081,0.14727186311787108,0.06603960709759184,38.0,27.0,11.0
45,0.1688575141242937,0.055,0.13244293785310737,0.04894689265536723,35.0,34.0,1.0
50,0.11954961439588689,0.1,0.12446272493573263,0.06779691516709513,18.0,17.0,1.0
55,0.1089854628921194,0.0,0.14001606732976277,0.06736572302983936,40.0,26.0,14.0
62,0.08200199222546171,0.0885,0.10028620019436335,0.05991350826044696,37.0,20.0,17.0
64,0.0632672619047617,0.1105,0.11232568027210886,0.07291411564625845,50.0,13.0,37.0
69,0.19363000000000002,0.0,0.11429999999999998,0.00825,43.0,21.0,22.0
72,0.10306871794871787,0.15525,0.19279999999999997,0.10659743589743592,33.0,20.0,13.0
75,0.09469463824289433,0.10125,0.1300071059431526,0.0752638888888889,31.0,44.0,-13.0
78,0.09145498071979445,0.09525,0.12311793059125968,0.06974485861182514,37.0,14.0,23.0
80,0.1119372253609545,0.133,0.14284996861268043,0.08236754551161328,33.0,24.0,9.0
83,0.056880952380952386,0.0635,0.11074829931972792,0.06766666666666667,36.0,28.0,8.0
89,0.1395545883092399,0.096,0.1422212445003142,0.0643243243243244,36.0,14.0,22.0
93,0.13307148747224892,0.093,0.13423596574690777,0.06501712654614651,30.0,21.0,9.0
103,0.08556949828962358,0.104,0.11865678449258844,0.0712759407069555,35.0,37.0,-2.0
106,0.11980922989807495,0.06375,0.1469518686296716,0.06969422423556064,39.0,24.0,15.0
107,0.07669862002567404,0.136,0.12664152759948646,0.0877121309370988,33.0,26.0,7.0
109,0.10818144654088052,0.06875,0.10955345911949686,0.05904716981132077,41.0,19.0,22.0
111,0.11816926032660927,0.0,0.12435414665385873,0.05419244316362475,18.0,39.0,-21.0
112,0.15683954166666664,0.122,0.1578445833333332,0.07410541666666662,35.0,30.0,5.0
114,0.15213010954616607,0.1005,0.14396525821596262,0.06417652582159629,31.0,44.0,-13.0
118,0.088526075358453,0.123,0.13721573857952674,0.08307735911970655,32.0,32.0,0.0
119,0.03802897403419886,0.151,0.12089898670044338,0.1033138062064598,32.0,19.0,13.0
128,0.06095275590551183,0.1455,0.11541338582677167,0.08272834645669293,38.0,23.0,15.0
132,0.06793179155103307,0.162,0.12787234042553214,0.0934363243909959,36.0,19.0,17.0
133,0.01688409163219851,0.1795,0.1137139675469297,0.10711040407254209,33.0,35.0,-2.0
139,0.10834238305941854,0.124,0.14071017699115063,0.08094279393173197,35.0,23.0,12.0
140,0.09931712538226294,0.145,0.14082568807339446,0.08644801223241594,28.0,27.0,1.0
145,0.1375494163424124,0.0,0.13429571984435792,0.05170038910505837,44.0,35.0,9.0
152,0.08619333333333318,0.132,0.12537569444444446,0.07798402777777771,34.0,22.0,12.0
153,0.1753537037037038,0.0,0.12635185185185188,0.037861111111111116,47.0,33.0,14.0
154,0.19591026771653514,0.115,0.16695622047244116,0.07192031496062994,32.0,33.0,-1.0
160,0.06798861892583116,0.099,0.10136189258312017,0.06562404092071611,35.0,22.0,13.0
167,,,,,29.0,33.0,-4.0
168,0.16258916586768865,0.117,0.18394183445190176,0.0774058804729945,43.0,19.0,24.0
173,0.18045403530895346,0.10925,0.15318883984867632,0.06588461538461536,31.0,29.0,2.0
176,0.16344929837518446,0.134,0.18435265878877402,0.0870221565731167,48.0,18.0,30.0
177,0.12943903143040422,0.0,0.13077934573444533,0.057179602309172566,41.0,25.0,16.0
179,0.10403065073876175,0.129,0.1301609556743164,0.0740270355234203,38.0,33.0,5.0
185,0.051636366518706414,0.11675,0.10890361445783134,0.08266106531388716,33.0,23.0,10.0
186,0.06256902173913033,0.14725,0.1181021739130434,0.08394130434782612,29.0,31.0,-2.0
192,0.04642662234884445,0.167,0.12429313073757539,0.0975558721114276,34.0,24.0,10.0
193,0.19116800618238003,0.0,0.17798299845440496,0.05394435857805253,41.0,33.0,8.0
197,0.053496246898263065,0.10525,0.10301426799007445,0.07831947890818866,27.0,42.0,-15.0
199,0.18449251184834126,0.126,0.18295355450236953,0.0781674565560821,37.0,24.0,13.0
210,0.15453017154389512,0.0,0.13230171543895036,0.050380423814328994,41.0,36.0,5.0
214,0.17397193991690596,0.095,0.15962096516458954,0.06640524129114733,28.0,16.0,12.0
217,0.08057462526766597,0.1425,0.13660920770877938,0.08642398286937902,32.0,18.0,14.0
220,0.15808168394596264,0.1535,0.18797141061891298,0.08969745523091427,22.0,34.0,-12.0
227,0.09530914500469795,0.099,0.1339464453492016,0.07172471030378959,41.0,19.0,22.0
230,0.05805065693430655,0.162,0.11606715328467147,0.08139124087591246,38.0,32.0,6.0
232,0.06974059347181005,0.159,0.13531275964391704,0.0951762611275965,35.0,22.0,13.0
240,0.0923161517615177,0.0,0.12569159891598905,0.06443197831978317,30.0,19.0,11.0
245,0.0806007256894051,0.158,0.13985728108369608,0.09308224479922586,36.0,29.0,7.0
246,0.15707006985491712,0.105,0.15413326168726485,0.06888393336915638,40.0,23.0,17.0
247,0.13659849529780588,0.09,0.1394984326018809,0.066530407523511,40.0,19.0,21.0
249,0.0840714058355437,0.153,0.13349336870026524,0.08528806366047752,34.0,24.0,10.0
257,-0.004253959731543622,0.257,0.12642684563758394,0.1355892617449666,20.0,25.0,-5.0
263,,,,,44.0,34.0,10.0
266,0.21831015228426395,0.0,0.15551269035532994,0.04473096446700507,38.0,25.0,13.0
271,0.19331364902506942,0.0,0.16416991643454035,0.05296935933147629,33.0,36.0,-3.0
274,0.06789516129032243,0.11625,0.11952419354838709,0.07915835777126098,38.0,16.0,22.0
278,0.0776583595223132,0.08275,0.12256662476429923,0.07715430546825895,35.0,28.0,7.0
282,0.1388286315789474,0.121,0.15727473684210505,0.07357578947368415,23.0,36.0,-13.0
284,,,,,31.0,26.0,5.0
285,0.07086144317126046,0.162,0.13281511303809254,0.09382564261381227,31.0,19.0,12.0
290,0.13955444785276064,0.0,0.14378527607361968,0.06378067484662578,39.0,25.0,14.0
291,0.10367310870947256,0.075,0.10288747616020338,0.054339478703115056,32.0,21.0,11.0
307,0.14668819875776384,0.10225000000000001,0.14086335403726727,0.07063561076604556,27.0,22.0,5.0
308,0.05483636733035343,0.167,0.13078179601787898,0.09597561966680221,33.0,20.0,13.0
311,0.14321888111888106,0.0,0.12213986013986013,0.04039160839160839,41.0,23.0,18.0
319,0.13406848273677582,0.147,0.1600947101678811,0.08976401647133349,41.0,20.0,21.0
322,0.06862443109987378,0.14825,0.127950695322377,0.0894108723135272,34.0,19.0,15.0
325,0.09530914500469795,0.099,0.1339464453492016,0.07172471030378959,42.0,19.0,23.0
328,0.061221576633165874,0.10925,0.11623366834170848,0.07211871859296494,26.0,29.0,-3.0
330,0.0445853146853147,0.177,0.13459440559440558,0.09320512820512822,20.0,34.0,-14.0
331,0.03995425431711141,0.137,0.10365745682888522,0.08949827315541599,25.0,26.0,-1.0
338,0.2521723120837293,0.075,0.1901316206787188,0.05675642245480495,31.0,38.0,-7.0
339,0.1025529411764706,0.0,0.0661764705882353,0.03494117647058823,32.0,15.0,17.0
342,0.0501643857415659,0.169,0.1186397199236154,0.09367345639719928,38.0,26.0,12.0
346,0.24825872649290678,0.0,0.1742952820851207,0.04127911580336518,28.0,15.0,13.0
348,,,,,30.0,39.0,-9.0
351,0.0705012066365007,0.123,0.11843137254901968,0.0729140271493213,29.0,37.0,-8.0
365,0.16709200626959267,0.09375,0.19336206896551686,0.0805780564263323,31.0,28.0,3.0
366,0.02126286472148541,0.154,0.09969761273209543,0.08339257294429707,32.0,37.0,-5.0
369,0.12821615302869263,0.0,0.15050265674814026,0.06835812964930925,44.0,18.0,26.0
370,0.0510710575139146,0.119,0.10103617810760661,0.07204267161410016,28.0,23.0,5.0
373,0.15166871421134867,0.0,0.15001613742842246,0.05944039562727745,40.0,13.0,27.0
374,0.10350595238095239,0.01375,0.11263095238095236,0.050904761904761904,36.0,23.0,13.0
378,0.27805662650602414,0.0,0.1893734939759036,0.045706827309236926,40.0,26.0,14.0
380,0.10514487233151958,0.124,0.1271628296358308,0.0722042695688573,32.0,27.0,5.0
386,0.15322527040314637,0.0,0.16020452310717814,0.06497377908882336,47.0,33.0,14.0
388,0.12686446927374317,0.0,0.13744916201117313,0.05644860335195534,39.0,15.0,24.0
398,0.16288198992443323,0.0,0.14459005037783404,0.04531738035264484,45.0,26.0,19.0
399,0.08900995489690729,0.1015,0.12544297680412367,0.07456829896907217,30.0,34.0,-4.0
402,0.11057313604919317,0.0,0.12251306687163735,0.06103574173712527,23.0,18.0,5.0
406,0.07109896907216498,0.099,0.1174226804123712,0.07175945017182135,30.0,37.0,-7.0
408,0.11241524475524473,0.1095,0.1379412587412587,0.0738853146853147,36.0,15.0,21.0
409,0.07102988558352405,0.145,0.13023707093821493,0.08778672768878724,23.0,36.0,-13.0
411,0.2087784916201117,0.0,0.17022905027932964,0.04509217877094971,48.0,18.0,30.0
414,0.05398834951456312,0.16,0.11631067961165048,0.09511650485436897,35.0,28.0,7.0
415,0.06374665012406949,0.0,0.1055359801488834,0.06523821339950374,31.0,20.0,11.0
417,0.0899509505703422,0.11,0.11490114068441062,0.07388593155893533,46.0,25.0,21.0
418,0.0864317721518987,0.139,0.11786582278481016,0.07946582278481017,33.0,23.0,10.0
421,0.06791260162601627,0.161,0.1393617886178862,0.09402845528455277,31.0,33.0,-2.0
422,0.1272710870545784,0.098,0.11805638249887256,0.061145692377086086,41.0,27.0,14.0
423,0.26065800000000006,0.0,0.21072999999999995,0.05253000000000001,43.0,14.0,29.0
427,0.11049698604060912,0.08725,0.138784581218274,0.07671795685279188,38.0,16.0,22.0
428,0.08928561425843425,0.0,0.1189576702737109,0.0578198599618078,43.0,22.0,21.0
429,0.13080657482780234,0.0,0.1485842204132752,0.07038040075140896,26.0,23.0,3.0
430,0.04907646293888165,0.175,0.1258426527958386,0.10000780234070218,35.0,24.0,11.0
432,0.11729125683060118,0.1305,0.15004918032786885,0.08087431693989071,29.0,36.0,-7.0
437,0.07306437313926581,0.1085,0.10551141250413501,0.06902282500826995,21.0,31.0,-10.0
439,0.12566652983896426,0.135,0.16036627723397553,0.08225134196400383,40.0,14.0,26.0
442,,,,,41.0,22.0,19.0
448,0.20859752704791376,0.06225,0.1586221020092735,0.05772488408037093,33.0,28.0,5.0
460,0.14406993642143506,0.08,0.1455767484105359,0.06850317892824705,28.0,16.0,12.0
464,0.04670208333333332,0.154,0.1159625,0.09449907407407417,32.0,22.0,10.0
465,0.1734590909090909,0.0,0.11545454545454542,0.040560606060606054,37.0,30.0,7.0
467,0.0017121140939597439,0.16725,0.09494932885906036,0.09524261744966445,40.0,32.0,8.0
478,0.12392181818181804,0.126,0.14178181818181815,0.07372121212121213,33.0,19.0,14.0
479,0.20233218465539668,0.0,0.21366644993498046,0.06794083224967488,43.0,29.0,14.0
481,0.1854200619195046,0.0,0.17758390092879295,0.05954582043343652,42.0,20.0,22.0
482,0.12377259752616572,0.0,0.14749857278782127,0.06547161433555344,38.0,22.0,16.0
491,0.21232711864406786,0.0,0.17276647834274944,0.051485875706214705,43.0,21.0,22.0
495,0.10514487233151958,0.124,0.1271628296358308,0.0722042695688573,36.0,33.0,3.0
496,0.20417995531439484,0.116,0.1744420683051392,0.06957899776571992,42.0,27.0,15.0
507,0.0831453105968332,0.17,0.143548112058465,0.09440438489646762,32.0,26.0,6.0
508,0.06822667726550097,0.138,0.12281049284578698,0.0819437201907791,39.0,30.0,9.0
509,0.17373663833805522,0.107,0.16769153289266614,0.07824173748819636,37.0,22.0,15.0
513,0.10910137551581843,0.0,0.13186107290233837,0.057138927097661635,35.0,13.0,22.0
517,0.018702854393842176,0.211,0.12713213598460565,0.11777742142398984,28.0,32.0,-4.0
522,0.14137540106951932,0.0835,0.13785191279308948,0.06499300699300703,35.0,22.0,13.0
523,0.08644580952380958,0.155,0.14172730158730173,0.0925126984126985,28.0,29.0,-1.0
525,0.17039897468759976,0.105,0.17084844601089388,0.07176001281640498,38.0,30.0,8.0
527,0.26873888888888886,0.133,0.24556006006006006,0.07549849849849853,32.0,30.0,2.0
536,0.07949987464744608,0.122,0.12075336884989041,0.07650391726731431,36.0,21.0,15.0
542,0.11724903047091419,0.135,0.1637220683287168,0.08268559556786699,39.0,20.0,19.0
546,0.23662405391394503,0.0,0.16031985484707112,0.04105650596163815,31.0,27.0,4.0
547,0.08753411016949143,0.0,0.13334322033898308,0.06928283898305086,37.0,21.0,16.0
550,0.16940082304526788,0.071,0.11901171256726813,0.0458591326369103,37.0,17.0,20.0
556,0.08050917225950793,0.122,0.13147778843080868,0.08247651006711408,44.0,30.0,14.0
560,0.07665626300457748,0.0,0.1113899292550978,0.06642280482729922,33.0,21.0,12.0
563,0.10085559396605923,0.112,0.12011596480201119,0.06796197360150846,32.0,32.0,0.0
565,0.0990999052132703,0.102,0.12538262243285953,0.07007646129541867,37.0,16.0,21.0
568,0.14711235721703034,0.0625,0.1406884735202492,0.06435929387331252,41.0,28.0,13.0
572,0.13425777777777823,0.105,0.15579655712050106,0.07208075117370896,41.0,33.0,8.0
575,0.12415804487179502,0.123,0.13848429487179492,0.07053173076923074,36.0,19.0,17.0
577,0.26502857142857145,0.0735,0.3232857142857143,0.08642857142857142,24.0,23.0,1.0
586,,,,,44.0,18.0,26.0
591,0.254665214626391,0.123,0.19693926868044506,0.07392241653418133,37.0,32.0,5.0
592,0.14033079069767446,0.129,0.14906201550387602,0.07457860465116269,44.0,13.0,31.0
599,0.2531459637561782,0.0,0.20003459637561768,0.04135914332784184,36.0,20.0,16.0
601,0.10462495511669648,0.12,0.12596768402154396,0.0745350089766607,32.0,33.0,-1.0
606,0.13919627054361583,0.0,0.14294595448799002,0.06557458912768646,42.0,32.0,10.0
611,0.08304292063492079,0.118,0.11381936507936512,0.07194888888888891,38.0,28.0,10.0
616,0.10035142217961013,0.125,0.12751965484180242,0.078987535953979,32.0,25.0,7.0
618,0.1683259224515322,0.08,0.14832958098811758,0.05914821763602245,30.0,26.0,4.0
621,0.06500352644836274,0.0,0.11055415617128467,0.07423929471032745,30.0,33.0,-3.0
622,0.04949227895392276,0.12925,0.11355136986301362,0.0841419676214196,34.0,39.0,-5.0
624,0.10700389344262279,0.095,0.13661936475409833,0.07703278688524587,30.0,34.0,-4.0
626,0.12777372056514916,0.0,0.12859811616954492,0.0486116169544741,33.0,38.0,-5.0
627,,,,,39.0,27.0,12.0
631,0.1476798356510748,0.093,0.14452749683944385,0.0640410872313527,40.0,23.0,17.0
632,0.22512659270998417,0.0,0.18054960380348667,0.05704278922345487,36.0,27.0,9.0
634,0.03400516569200766,0.16475,0.1179779077322935,0.09710298895386618,36.0,47.0,-11.0
637,0.15599977931904174,0.0,0.15416488020176558,0.06285687263556113,43.0,18.0,25.0
647,0.051915635395874855,0.10875,0.1054411177644711,0.07838489687292084,46.0,14.0,32.0
648,0.19686476558723995,0.0,0.16295263412276498,0.04416239729337841,38.0,27.0,11.0
649,0.07758754578754577,0.133,0.12153846153846157,0.07660805860805864,37.0,24.0,13.0
654,0.10777052464228928,0.091,0.12906359300476938,0.06553290937996817,33.0,23.0,10.0
661,0.09953442313737818,0.0,0.13328418736246483,0.0656186733731531,31.0,35.0,-4.0
664,0.10500671981776753,0.10675,0.14519362186788148,0.07591913439635534,39.0,21.0,18.0
675,0.09231904761904748,0.108,0.11296466973886328,0.059620583717357914,43.0,14.0,29.0
682,0.019260628406540473,0.166,0.10445912151330544,0.10001346585444053,30.0,33.0,-3.0
684,0.05134416666666666,0.063,0.1064208333333334,0.08320624999999995,40.0,12.0,28.0
685,,,,,28.0,30.0,-2.0
686,0.09150347349177337,0.126,0.1300050274223033,0.07388848263254119,33.0,23.0,10.0
690,0.12690918367346932,0.0,0.13877551020408163,0.06296793002915452,46.0,22.0,24.0
692,0.19464404624277462,0.0,0.16754913294797671,0.051110982658959525,33.0,26.0,7.0
694,0.08967753023551903,0.15,0.14402641629535343,0.08778771483131755,27.0,21.0,6.0
696,0.10097337992376135,0.085,0.14539739517153746,0.07789898348157565,35.0,34.0,1.0
698,0.09339370829361299,0.148,0.13016364791865262,0.08017890054019697,28.0,18.0,10.0
701,0.20641658107116653,0.0,0.1494277329420388,0.043993763756419675,36.0,15.0,21.0
703,0.13120394871794894,0.08675,0.1727769230769234,0.07796871794871796,49.0,27.0,22.0
704,0.19883009708737862,0.0,0.14127669902912618,0.046165048543689316,34.0,28.0,6.0
707,0.21443533810143126,0.127,0.20207022106632008,0.0742100130039011,39.0,47.0,-8.0
711,0.1242897835497834,0.0,0.11316623376623373,0.04807012987012986,38.0,28.0,10.0
712,0.07526456618112737,0.102,0.11773052564914514,0.07479322355921471,39.0,23.0,16.0
714,0.0,0.0,0.0,0.0,38.0,30.0,8.0
719,0.09551385991058117,0.103,0.12296050670640837,0.06944113263785395,29.0,21.0,8.0
722,0.09072114784778565,0.107,0.11134872114784787,0.06606363069245162,29.0,18.0,11.0
723,0.08036580113996217,0.04775,0.11960037998733375,0.06523527549081698,35.0,30.0,5.0
725,0.1406746428571427,0.10225,0.15941547619047627,0.06859285714285714,35.0,25.0,10.0
731,0.11525213483146056,0.0,0.13157078651685397,0.05394831460674156,35.0,22.0,13.0
739,0.1622394695787835,0.097,0.1730829953198131,0.07550826833073324,35.0,19.0,16.0
747,0.08460119722747333,0.137,0.12740548204158808,0.08116257088846876,19.0,34.0,-15.0
749,0.10351051020408167,0.138,0.14417993197278936,0.08598945578231285,36.0,29.0,7.0
750,0.06327429975429955,0.205,0.1656452088452087,0.11290614250614257,41.0,25.0,16.0
753,0.12853262032085558,0.112,0.13955080213903737,0.07958021390374331,27.0,32.0,-5.0
754,0.16088502879078684,0.099,0.15332629558541266,0.06605950095969294,41.0,27.0,14.0
757,0.27805662650602414,0.0,0.1893734939759036,0.045706827309236926,27.0,17.0,10.0
759,0.1800784537389103,0.099,0.17413846641318118,0.06924714828897335,35.0,16.0,19.0
761,0.12084863438857846,0.08375,0.13224332712600873,0.06616977032898821,33.0,26.0,7.0
765,0.03180750397456274,0.095,0.10532019077901426,0.09014435612082662,,,
767,0.13758431810923044,0.0895,0.13777387416160966,0.06443308847013737,37.0,16.0,21.0
768,0.05957617200129322,0.119,0.1212955059812484,0.08776753960556086,46.0,23.0,23.0
776,0.03897302325581396,0.11449999999999999,0.10450232558139533,0.07189767441860465,33.0,21.0,12.0
779,0.12719438860971555,0.08625,0.14438944723618097,0.06524036850921268,34.0,27.0,7.0
782,0.0990999052132703,0.102,0.12538262243285953,0.07007646129541867,34.0,14.0,20.0
784,0.10146161486702968,0.0,0.1277946171099007,0.06565235501441836,40.0,44.0,-4.0
787,0.06399296874999998,0.18924999999999997,0.14005468749999994,0.10810156250000001,22.0,34.0,-12.0
789,0.07444527363184077,0.095,0.10678109452736317,0.06639303482587063,29.0,20.0,9.0
792,0.033461791418728355,0.085,0.09077137488255559,0.07444503601628571,24.0,32.0,-8.0
793,0.07003663903061227,0.137,0.13252869897959202,0.08609375000000002,27.0,25.0,2.0
794,,,,,22.0,26.0,-4.0
796,0.15661762991743552,0.1525,0.18945118989800888,0.08557940747935892,36.0,20.0,16.0
805,0.040086767399267344,0.143,0.10488232600732607,0.08565796703296699,41.0,26.0,15.0
